2000 0.0119388 0
2005 0.0124014 0
2010 0.0130211 0
2015 0.0139234 0
2020 0.0148949 0
2025 0.0158334 0
2030 0.0166558 0
2035 0.0175727 0
2040 0.0188475 0
2045 0.0200651 0
2050 0.0207468 0
2055 0.0203958 0
2060 0.0191419 0
2065 0.0175337 0
2070 0.0159575 0
2075 0.0146488 0
2080 0.01377 0
2085 0.0132975 0
2090 0.0131883 0
2095 0.0136384 0
2100 0.0146163 0
2105 0.0156266 0
2110 0.0163022 0
2115 0.016557 0
2120 0.0160976 0
2125 0.015125 0
2130 0.014134 0
2135 0.0132056 0
2140 0.0122156 0
2145 0.0110808 0
2150 0.00992569 0
2155 0.00891554 0
2160 0.00810065 0
2165 0.0074972 0
2170 0.00712847 0
2175 0.00698527 0
2180 0.00705399 0
2185 0.00742602 0
2190 0.00814732 0
2195 0.00886542 0
2200 0.00889494 0
2205 0.0079785 0
2210 0.00673814 0
2215 0.00568553 0
2220 0.00488974 0
2225 0.00430039 0
2230 0.00384061 0
2235 0.00345647 0
2240 0.00312736 0
2245 0.00284836 0
2250 0.00263017 0
2255 0.0024672 0
2260 0.00234406 0
2265 0.00226279 0
2270 0.00222806 0
2275 0.00224995 0
2280 0.00235003 0
2285 0.00255226 0
2290 0.00287779 0
2295 0.00334209 0
2300 0.00395729 0
2305 0.00470787 0
2310 0.00552008 0
2315 0.00627167 0
2320 0.00689892 0
2325 0.00743474 0
2330 0.00790071 0
2335 0.00831376 0
2340 0.00870069 0
2345 0.00901072 0
2350 0.00917078 0
2355 0.00921351 0
2360 0.00917936 0
2365 0.00905401 0
2370 0.00884874 0
2375 0.00861798 0
2380 0.00843227 0
2385 0.00833525 0
2390 0.00829113 0
2395 0.0082296 0
2400 0.00807517 0
2405 0.00779167 0
2410 0.00742707 0
2415 0.00704872 0
2420 0.006673 0
2425 0.00628409 0
2430 0.00585535 0
2435 0.00539288 0
2440 0.00491618 0
2445 0.00442428 0
2450 0.00394534 0
2455 0.00351927 0
2460 0.0031578 0
2465 0.00285313 0
2470 0.0026017 0
2475 0.00240561 0
2480 0.00225945 0
2485 0.00216041 0
2490 0.00212645 0
2495 0.00219844 0
2500 0.00243615 0
2505 0.00292867 0
2510 0.00380881 0
2515 0.00526973 0
2520 0.00756715 0
2525 0.0109777 0
2530 0.0156669 0
2535 0.0214742 0
2540 0.0277426 0
2545 0.0334987 0
2550 0.0378875 0
2555 0.040566 0
2560 0.0421775 0
2565 0.0436269 0
2570 0.0445965 0
2575 0.0438962 0
2580 0.0408372 0
2585 0.0362323 0
2590 0.0313911 0
2595 0.0269566 0
2600 0.0231259 0
2605 0.0199558 0
2610 0.0174454 0
2615 0.0155852 0
2620 0.0143974 0
2625 0.0138989 0
2630 0.0140547 0
2635 0.014774 0
2640 0.0159362 0
2645 0.0174682 0
2650 0.0194275 0
2655 0.021962 0
2660 0.0251499 0
2665 0.0289224 0
2670 0.0332558 0
2675 0.0383758 0
2680 0.0446377 0
2685 0.0520298 0
2690 0.0598236 0
2695 0.0669594 0
2700 0.0726188 0
2705 0.076253 0
2710 0.0776336 0
2715 0.0770453 0
2720 0.0753019 0
2725 0.073378 0
2730 0.0718091 0
2735 0.0706668 0
2740 0.0697754 0
2745 0.0687993 0
2750 0.0675265 0
2755 0.0659196 0
2760 0.0640927 0
2765 0.0625176 0
2770 0.0618788 0
2775 0.0626492 0
2780 0.0648227 0
2785 0.0678741 0
2790 0.0708906 0
2795 0.0728815 0
2800 0.0729336 0
2805 0.0706109 0
2810 0.0666769 0
2815 0.0623112 0
2820 0.0580979 0
2825 0.0543932 0
2830 0.0514336 0
2835 0.0490808 0
2840 0.0469989 0
2845 0.0449017 0
2850 0.0427884 0
2855 0.0409675 0
2860 0.0399077 0
2865 0.0399865 0
2870 0.0412527 0
2875 0.0434836 0
2880 0.046359 0
2885 0.0499718 0
2890 0.0551046 0
2895 0.0624851 0
2900 0.0720545 0
2905 0.0830059 0
2910 0.0939102 0
2915 0.10319 0
2920 0.110006 0
2925 0.114071 0
2930 0.114848 0
2935 0.112022 0
2940 0.106381 0
2945 0.0995176 0
2950 0.0927993 0
2955 0.0869093 0
2960 0.0821182 0
2965 0.0786266 0
2970 0.0767245 0
2975 0.0766305 0
2980 0.0781673 0
2985 0.0807325 0
2990 0.0839087 0
2995 0.087877 0
3000 0.0927736 0
3005 0.0979592 0
3010 0.10252 0
3015 0.105869 0
3020 0.107517 0
3025 0.106924 0
3030 0.10408 0
3035 0.0998365 0
3040 0.0953477 0
3045 0.0912914 0
3050 0.0876484 0
3055 0.0840747 0
3060 0.0802441 0
3065 0.0761461 0
3070 0.0719592 0
3075 0.0676818 0
3080 0.0632708 0
3085 0.0588772 0
3090 0.0547676 0
3095 0.0512053 0
3100 0.0484284 0
3105 0.0465907 0
3110 0.0457208 0
3115 0.0457063 0
3120 0.0464172 0
3125 0.0478463 0
3130 0.0501497 0
3135 0.0533746 0
3140 0.0571358 0
3145 0.0608382 0
3150 0.0641317 0
3155 0.0672271 0
3160 0.0707153 0
3165 0.0749738 0
3170 0.0798231 0
3175 0.0843182 0
3180 0.0869212 0
3185 0.0862752 0
3190 0.0827302 0
3195 0.0777668 0
3200 0.0725826 0
3205 0.0677392 0
3210 0.0635461 0
3215 0.0601113 0
3220 0.0573954 0
3225 0.0553454 0
3230 0.0539054 0
3235 0.0530726 0
3240 0.0529957 0
3245 0.0539201 0
3250 0.0561631 0
3255 0.0601189 0
3260 0.0661471 0
3265 0.0744986 0
3270 0.0855238 0
3275 0.0996647 0
3280 0.117541 0
3285 0.139345 0
3290 0.164185 0
3295 0.189897 0
3300 0.214163 0
3305 0.235031 0
3310 0.251205 0
3315 0.261455 0
3320 0.26535 0
3325 0.263881 0
3330 0.259423 0
3335 0.254214 0
3340 0.249218 0
3345 0.244646 0
3350 0.240642 0
3355 0.236965 0
3360 0.233136 0
3365 0.228789 0
3370 0.223792 0
3375 0.218154 0
3380 0.212493 0
3385 0.207815 0
3390 0.205105 0
3395 0.204677 0
3400 0.205923 0
3405 0.207155 0
3410 0.206571 0
3415 0.203331 0
3420 0.197634 0
3425 0.189837 0
3430 0.180222 0
3435 0.169947 0
3440 0.160618 0
3445 0.153079 0
3450 0.147368 0
3455 0.143154 0
3460 0.139931 0
3465 0.137091 0
3470 0.134014 0
3475 0.130575 0
3480 0.12725 0
3485 0.124678 0
3490 0.123088 0
3495 0.122494 0
3500 0.122979 0
3505 0.124579 0
3510 0.127352 0
3515 0.13143 0
3520 0.136655 0
3525 0.142239 0
3530 0.146962 0
3535 0.150066 0
3540 0.151767 0
3545 0.153419 0
3550 0.156821 0
3555 0.163195 0
3560 0.172826 0
3565 0.18513 0
3570 0.198689 0
3575 0.211128 0
3580 0.219755 0
3585 0.222951 0
3590 0.220669 0
3595 0.213997 0
3600 0.204576 0
3605 0.194163 0
3610 0.184444 0
3615 0.176774 0
3620 0.1721 0
3625 0.17115 0
3630 0.174734 0
3635 0.183702 0
3640 0.1987 0
3645 0.220049 0
3650 0.247249 0
3655 0.278693 0
3660 0.31154 0
3665 0.342173 0
3670 0.366709 0
3675 0.381337 0
3680 0.387393 0
3685 0.386248 0
3690 0.38013 0
3695 0.371196 0
3700 0.361967 0
3705 0.353483 0
3710 0.346124 0
3715 0.339308 0
3720 0.332373 0
3725 0.324491 0
3730 0.31492 0
3735 0.303009 0
3740 0.288309 0
3745 0.270872 0
3750 0.251431 0
3755 0.231412 0
3760 0.212 0
3765 0.194187 0
3770 0.178564 0
3775 0.165493 0
3780 0.155099 0
3785 0.147403 0
3790 0.142338 0
3795 0.139778 0
3800 0.139588 0
3805 0.14171 0
3810 0.146199 0
3815 0.153327 0
3820 0.163633 0
3825 0.177823 0
3830 0.196694 0
3835 0.221087 0
3840 0.251788 0
3845 0.288705 0
3850 0.331573 0
3855 0.380014 0
3860 0.432758 0
3865 0.490306 0
3870 0.552174 0
3875 0.605669 0
3880 0.64666 0
3885 0.676884 0
3890 0.696434 0
3895 0.7073 0
3900 0.713171 0
3905 0.717143 0
3910 0.72065 0
3915 0.722026 0
3920 0.720675 0
3925 0.720181 0
3930 0.715749 0
3935 0.711044 0
3940 0.708849 0
3945 0.710752 0
3950 0.71843 0
3955 0.734289 0
3960 0.762523 0
3965 0.80235 0
3970 0.854036 0
3975 0.901804 0
3980 0.942382 0
3985 0.973995 0
3990 0.990111 0
3995 0.994764 0
4000 0.988122 0
4005 0.96871 0
4010 0.94281 0
4015 0.910961 0
4020 0.874746 0
4025 0.839505 0
4030 0.801268 0
4035 0.758975 0
4040 0.716584 0
4045 0.675059 0
4050 0.638758 0
4055 0.607809 0
4060 0.582588 0
4065 0.560942 0
4070 0.540645 0
4075 0.518914 0
4080 0.492836 0
4085 0.462813 0
4090 0.430718 0
4095 0.400376 0
4100 0.374127 0
4105 0.353792 0
4110 0.339755 0
4115 0.33188 0
4120 0.329269 0
4125 0.330891 0
4130 0.334143 0
4135 0.33561 0
4140 0.333397 0
4145 0.325968 0
4150 0.315399 0
4155 0.303814 0
4160 0.293077 0
4165 0.284572 0
4170 0.278991 0
4175 0.276755 0
4180 0.278171 0
4185 0.283179 0
4190 0.291546 0
4195 0.302768 0
4200 0.316083 0
4205 0.330489 0
4210 0.344871 0
4215 0.357924 0
4220 0.367971 0
4225 0.373594 0
4230 0.374004 0
4235 0.370311 0
4240 0.364269 0
4245 0.357686 0
4250 0.351941 0
4255 0.347956 0
4260 0.346168 0
4265 0.34656 0
4270 0.348985 0
4275 0.353208 0
4280 0.358973 0
4285 0.365948 0
4290 0.373571 0
4295 0.381016 0
4300 0.38764 0
4305 0.393611 0
4310 0.399421 0
4315 0.405453 0
4320 0.411199 0
4325 0.41639 0
4330 0.421854 0
4335 0.427868 0
4340 0.434989 0
4345 0.441855 0
4350 0.446524 0
4355 0.448993 0
4360 0.446798 0
4365 0.441895 0
4370 0.434925 0
4375 0.426258 0
4380 0.415101 0
4385 0.401767 0
4390 0.387101 0
4395 0.372418 0
4400 0.35924 0
4405 0.348329 0
4410 0.34019 0
4415 0.334944 0
4420 0.33264 0
4425 0.333595 0
4430 0.338577 0
4435 0.348745 0
4440 0.365297 0
4445 0.389336 0
4450 0.421957 0
4455 0.464132 0
4460 0.515979 0
4465 0.578354 0
4470 0.638 0
4475 0.696615 0
4480 0.747003 0
4485 0.784701 0
4490 0.813579 0
4495 0.835871 0
4500 0.851044 0
4505 0.862782 0
4510 0.886998 0
4515 0.90343 0
4520 0.913773 0
4525 0.916363 0
4530 0.910904 0
4535 0.90505 0
4540 0.903783 0
4545 0.9088 0
4550 0.942493 0
4555 0.986287 0
4560 1.03033 0
4565 1.06614 0
4570 1.09446 0
4575 1.13047 0
4580 1.15156 0
4585 1.17977 0
4590 1.20174 0
4595 1.22003 0
4600 1.23224 0
4605 1.23462 0
4610 1.24891 0
4615 1.25178 0
4620 1.25882 0
4625 1.25991 0
4630 1.2558 0
4635 1.2441 0
4640 1.22142 0
4645 1.20555 0
4650 1.17548 0
4655 1.15951 0
4660 1.13993 0
4665 1.11037 0
4670 1.08196 0
4675 1.05771 0
4680 1.02996 0
4685 1.03225 0
4690 1.03182 0
4695 1.02649 0
4700 1.02056 0
4705 1.01307 0
4710 0.998735 0
4715 0.971499 0
4720 0.951979 0
4725 0.923289 0
4730 0.89672 0
4735 0.866916 0
4740 0.84375 0
4745 0.813037 0
4750 0.788037 0
4755 0.753869 0
4760 0.716171 0
4765 0.679094 0
4770 0.637633 0
4775 0.603646 0
4780 0.575595 0
4785 0.55154 0
4790 0.537362 0
4795 0.537509 0
4800 0.5466 0
4805 0.568128 0
4810 0.598377 0
4815 0.622804 0
4820 0.639479 0
4825 0.65269 0
4830 0.663965 0
4835 0.673447 0
4840 0.67459 0
4845 0.664051 0
4850 0.648494 0
4855 0.629361 0
4860 0.609969 0
4865 0.588632 0
4870 0.571641 0
4875 0.561268 0
4880 0.555306 0
4885 0.556681 0
4890 0.566907 0
4895 0.586582 0
4900 0.61657 0
4905 0.667407 0
4910 0.719262 0
4915 0.768045 0
4920 0.811869 0
4925 0.853783 0
4930 0.887473 0
4935 0.914349 0
4940 0.946337 0
4945 0.980024 0
4950 1.00829 0
4955 1.0304 0
4960 1.03945 0
4965 1.03901 0
4970 1.03702 0
4975 1.01992 0
4980 0.9918 0
4985 0.955671 0
4990 0.913313 0
4995 0.863961 0
5000 0.817493 0
5005 0.771925 0
5010 0.724553 0
5015 0.682089 0
5020 0.647324 0
5025 0.616314 0
5030 0.592 0
5035 0.573001 0
5040 0.563005 0
5045 0.556025 0
5050 0.553233 0
5055 0.557236 0
5060 0.562546 0
5065 0.569992 0
5070 0.573262 0
5075 0.575852 0
5080 0.579486 0
5085 0.584665 0
5090 0.593146 0
5095 0.606867 0
5100 0.628154 0
5105 0.653575 0
5110 0.674607 0
5115 0.690372 0
5120 0.702968 0
5125 0.71406 0
5130 0.725792 0
5135 0.74136 0
5140 0.762874 0
5145 0.784271 0
5150 0.800332 0
5155 0.810169 0
5160 0.815353 0
5165 0.814948 0
5170 0.81005 0
5175 0.807383 0
5180 0.810555 0
5185 0.820028 0
5190 0.831329 0
5195 0.840386 0
5200 0.850578 0
5205 0.861755 0
5210 0.865148 0
5215 0.865554 0
5220 0.862781 0
5225 0.859875 0
5230 0.858531 0
5235 0.853266 0
5240 0.849314 0
5245 0.846307 0
5250 0.843354 0
5255 0.83521 0
5260 0.832738 0
5265 0.834168 0
5270 0.836231 0
5275 0.841462 0
5280 0.852899 0
5285 0.867003 0
5290 0.885328 0
5295 0.901473 0
5300 0.914323 0
5305 0.921916 0
5310 0.929213 0
5315 0.932214 0
5320 0.938603 0
5325 0.942015 0
5330 0.938933 0
5335 0.93257 0
5340 0.916573 0
5345 0.898844 0
5350 0.876342 0
5355 0.847634 0
5360 0.816262 0
5365 0.786366 0
5370 0.760262 0
5375 0.736504 0
5380 0.718454 0
5385 0.717884 0
5390 0.742231 0
5395 0.764005 0
5400 0.789846 0
5405 0.806128 0
5410 0.832794 0
5415 0.844951 0
5420 0.867109 0
5425 0.883358 0
5430 0.90234 0
5435 0.921453 0
5440 0.933157 0
5445 0.953138 0
5450 0.961413 0
5455 0.97259 0
5460 0.975587 0
5465 0.96996 0
5470 0.965507 0
5475 0.953464 0
5480 0.929718 0
5485 0.909077 0
5490 0.886236 0
5495 0.860181 0
5500 0.839253 0
5505 0.815439 0
5510 0.800922 0
5515 0.803389 0
5520 0.805519 0
5525 0.817017 0
5530 0.831953 0
5535 0.844851 0
5540 0.872745 0
5545 0.902483 0
5550 0.931818 0
5555 0.964447 0
5560 0.993793 0
5565 1.02584 0
5570 1.05705 0
5575 1.08753 0
5580 1.11213 0
5585 1.14087 0
5590 1.16581 0
5595 1.19111 0
5600 1.21049 0
5605 1.22889 0
5610 1.2536 0
5615 1.27197 0
5620 1.28947 0
5625 1.30217 0
5630 1.31816 0
5635 1.32173 0
5640 1.33371 0
5645 1.33962 0
5650 1.33769 0
5655 1.34131 0
5660 1.33546 0
5665 1.32616 0
5670 1.31833 0
5675 1.30319 0
5680 1.28339 0
5685 1.25869 0
5690 1.23023 0
5695 1.19638 0
5700 1.15926 0
5705 1.12189 0
5710 1.08162 0
5715 1.03745 0
5720 0.991351 0
5725 0.943477 0
5730 0.897769 0
5735 0.858083 0
5740 0.839706 0
5745 0.83405 0
5750 0.830182 0
5755 0.824566 0
5760 0.825532 0
5765 0.827177 0
5770 0.832867 0
5775 0.835565 0
5780 0.846671 0
5785 0.857479 0
5790 0.861965 0
5795 0.874862 0
5800 0.886783 0
5805 0.893235 0
5810 0.901968 0
5815 0.907203 0
5820 0.914785 0
5825 0.917545 0
5830 0.916872 0
5835 0.91609 0
5840 0.919827 0
5845 0.920737 0
5850 0.923105 0
5855 0.924687 0
5860 0.929994 0
5865 0.934681 0
5870 0.939376 0
5875 0.945124 0
5880 0.952047 0
5885 0.958752 0
5890 0.96264 0
5895 0.966751 0
5900 0.971331 0
5905 0.972639 0
5910 0.973934 0
5915 0.977754 0
5920 0.978771 0
5925 0.980707 0
5930 0.980581 0
5935 0.977558 0
5940 0.971294 0
5945 0.963684 0
5950 0.954796 0
5955 0.940921 0
5960 0.92401 0
5965 0.904502 0
5970 0.884622 0
5975 0.862449 0
5980 0.846296 0
5985 0.849967 0
5990 0.85774 0
5995 0.865497 0
6000 0.876636 0
6005 0.883674 0
6010 0.894963 0
6015 0.899215 0
6020 0.911478 0
6025 0.917013 0
6030 0.922725 0
6035 0.920321 0
6040 0.925154 0
6045 0.918835 0
6050 0.920619 0
6055 0.911997 0
6060 0.900386 0
6065 0.890174 0
6070 0.877593 0
6075 0.862679 0
6080 0.841776 0
6085 0.841661 0
6090 0.847899 0
6095 0.84833 0
6100 0.850781 0
6105 0.844923 0
6110 0.844676 0
6115 0.845005 0
6120 0.84412 0
6125 0.849904 0
6130 0.849102 0
6135 0.846845 0
6140 0.848725 0
6145 0.848511 0
6150 0.855119 0
6155 0.858361 0
6160 0.864969 0
6165 0.873565 0
6170 0.879338 0
6175 0.887101 0
6180 0.893078 0
6185 0.899306 0
6190 0.897099 0
6195 0.89819 0
6200 0.890341 0
6205 0.887122 0
6210 0.875916 0
6215 0.863427 0
6220 0.847592 0
6225 0.827625 0
6230 0.813466 0
6235 0.817505 0
6240 0.818721 0
6245 0.824782 0
6250 0.827862 0
6255 0.833799 0
6260 0.837624 0
6265 0.841297 0
6270 0.842989 0
6275 0.836908 0
6280 0.824117 0
6285 0.804214 0
6290 0.787733 0
6295 0.76924 0
6300 0.747868 0
6305 0.723421 0
6310 0.696892 0
6315 0.668445 0
6320 0.641754 0
6325 0.618948 0
6330 0.602435 0
6335 0.586789 0
6340 0.570994 0
6345 0.555966 0
6350 0.544727 0
6355 0.531245 0
6360 0.521287 0
6365 0.513062 0
6370 0.506403 0
6375 0.503515 0
6380 0.500608 0
6385 0.50357 0
6390 0.517633 0
6395 0.547285 0
6400 0.574461 0
6405 0.599851 0
6410 0.623498 0
6415 0.647096 0
6420 0.672057 0
6425 0.691201 0
6430 0.710405 0
6435 0.736061 0
6440 0.767685 0
6445 0.799207 0
6450 0.823669 0
6455 0.853395 0
6460 0.877005 0
6465 0.900328 0
6470 0.92109 0
6475 0.942668 0
6480 0.962618 0
6485 0.982912 0
6490 1.00164 0
6495 1.01007 0
6500 1.02429 0
6505 1.04202 0
6510 1.05213 0
6515 1.06719 0
6520 1.07482 0
6525 1.08834 0
6530 1.09435 0
6535 1.09831 0
6540 1.10484 0
6545 1.10894 0
6550 1.11522 0
6555 1.11556 0
6560 1.12122 0
6565 1.12303 0
6570 1.12548 0
6575 1.12317 0
6580 1.12145 0
6585 1.11963 0
6590 1.11855 0
6595 1.11375 0
6600 1.10431 0
6605 1.09613 0
6610 1.08737 0
6615 1.08154 0
6620 1.07373 0
6625 1.06564 0
6630 1.05488 0
6635 1.04533 0
6640 1.0335 0
6645 1.02006 0
6650 1.00831 0
6655 1.00066 0
6660 0.993397 0
6665 0.986134 0
6670 0.976859 0
6675 0.970866 0
6680 0.964684 0
6685 0.959264 0
6690 0.954677 0
6695 0.950035 0
6700 0.94676 0
6705 0.943731 0
6710 0.93894 0
6715 0.937753 0
6720 0.933392 0
6725 0.927348 0
6730 0.925215 0
6735 0.92276 0
6740 0.92019 0
6745 0.917726 0
6750 0.916679 0
6755 0.91345 0
6760 0.907472 0
6765 0.905546 0
6770 0.903488 0
6775 0.896203 0
6780 0.892417 0
6785 0.886937 0
6790 0.884014 0
6795 0.876823 0
6800 0.870689 0
6805 0.863933 0
6810 0.857254 0
6815 0.847961 0
6820 0.844923 0
6825 0.846245 0
6830 0.845912 0
6835 0.84746 0
6840 0.848703 0
6845 0.851586 0
6850 0.85059 0
6855 0.85466 0
6860 0.856193 0
6865 0.855239 0
6870 0.857532 0
6875 0.860686 0
6880 0.860457 0
6885 0.865052 0
6890 0.865089 0
6895 0.866702 0
6900 0.868397 0
6905 0.869068 0
6910 0.870964 0
6915 0.872666 0
6920 0.875514 0
6925 0.877443 0
6930 0.875128 0
6935 0.876567 0
6940 0.87884 0
6945 0.87495 0
6950 0.876388 0
6955 0.873655 0
6960 0.869377 0
6965 0.868863 0
6970 0.862569 0
6975 0.856743 0
6980 0.853841 0
6985 0.846842 0
6990 0.838209 0
6995 0.82939 0
7000 0.821805 0
7005 0.813792 0
7010 0.805941 0
7015 0.796689 0
7020 0.787913 0
7025 0.781174 0
7030 0.776842 0
7035 0.776497 0
7040 0.775764 0
7045 0.775782 0
7050 0.774483 0
7055 0.773293 0
7060 0.772755 0
7065 0.769472 0
7070 0.76862 0
7075 0.765838 0
7080 0.763203 0
7085 0.760264 0
7090 0.755533 0
7095 0.753089 0
7100 0.747479 0
7105 0.743936 0
7110 0.743275 0
7115 0.739376 0
7120 0.738063 0
7125 0.738788 0
7130 0.741166 0
7135 0.740283 0
7140 0.743104 0
7145 0.748107 0
7150 0.746363 0
7155 0.74665 0
7160 0.746331 0
7165 0.74983 0
7170 0.755471 0
7175 0.758082 0
7180 0.759003 0
7185 0.760804 0
7190 0.75963 0
7195 0.764454 0
7200 0.765516 0
7205 0.768453 0
7210 0.768648 0
7215 0.767588 0
7220 0.767211 0
7225 0.767503 0
7230 0.76506 0
7235 0.764548 0
7240 0.762458 0
7245 0.761966 0
7250 0.75836 0
7255 0.758454 0
7260 0.756954 0
7265 0.75307 0
7270 0.751806 0
7275 0.752667 0
7280 0.750999 0
7285 0.747264 0
7290 0.745817 0
7295 0.740321 0
7300 0.738203 0
7305 0.734347 0
7310 0.730445 0
7315 0.730713 0
7320 0.731101 0
7325 0.731263 0
7330 0.73239 0
7335 0.733055 0
7340 0.732934 0
7345 0.731194 0
7350 0.731059 0
7355 0.729799 0
7360 0.727415 0
7365 0.724156 0
7370 0.727038 0
7375 0.725259 0
7380 0.728269 0
7385 0.730066 0
7390 0.732578 0
7395 0.735271 0
7400 0.738809 0
7405 0.740293 0
7410 0.741267 0
7415 0.744009 0
7420 0.744887 0
7425 0.745162 0
7430 0.747301 0
7435 0.746171 0
7440 0.746796 0
7445 0.745995 0
7450 0.741754 0
7455 0.742548 0
7460 0.739611 0
7465 0.735481 0
7470 0.734204 0
7475 0.731497 0
7480 0.727324 0
7485 0.722285 0
7490 0.718766 0
7495 0.712195 0
7500 0.704269 0
7505 0.695448 0
7510 0.686559 0
7515 0.680081 0
7520 0.672673 0
7525 0.664298 0
7530 0.654474 0
7535 0.643745 0
7540 0.631807 0
7545 0.617997 0
7550 0.603276 0
7555 0.588088 0
7560 0.573227 0
7565 0.560656 0
7570 0.551601 0
7575 0.550611 0
7580 0.553925 0
7585 0.55452 0
7590 0.557234 0
7595 0.561292 0
7600 0.561153 0
7605 0.563933 0
7610 0.564692 0
7615 0.565624 0
7620 0.567702 0
7625 0.568796 0
7630 0.574145 0
7635 0.57589 0
7640 0.585203 0
7645 0.588921 0
7650 0.595033 0
7655 0.601893 0
7660 0.60962 0
7665 0.615866 0
7670 0.623322 0
7675 0.62909 0
7680 0.635357 0
7685 0.641632 0
7690 0.643451 0
7695 0.647649 0
7700 0.649969 0
7705 0.651167 0
7710 0.653541 0
7715 0.651991 0
7720 0.652823 0
7725 0.649525 0
7730 0.647001 0
7735 0.649104 0
7740 0.650599 0
7745 0.651306 0
7750 0.653826 0
7755 0.657459 0
7760 0.655646 0
7765 0.656126 0
7770 0.655944 0
7775 0.654973 0
7780 0.654761 0
7785 0.653375 0
7790 0.655357 0
7795 0.658393 0
7800 0.660349 0
7805 0.660607 0
7810 0.664812 0
7815 0.66573 0
7820 0.665978 0
7825 0.668714 0
7830 0.667789 0
7835 0.669525 0
7840 0.670626 0
7845 0.67154 0
7850 0.675145 0
7855 0.676698 0
7860 0.676939 0
7865 0.678335 0
7870 0.676577 0
7875 0.679236 0
7880 0.680925 0
7885 0.681587 0
7890 0.683672 0
7895 0.682408 0
7900 0.68351 0
7905 0.684537 0
7910 0.684602 0
7915 0.681202 0
7920 0.68138 0
7925 0.677153 0
7930 0.674151 0
7935 0.66834 0
7940 0.664223 0
7945 0.657068 0
7950 0.648132 0
7955 0.639649 0
7960 0.629054 0
7965 0.616603 0
7970 0.606098 0
7975 0.598362 0
7980 0.591514 0
7985 0.58584 0
7990 0.581028 0
7995 0.57587 0
8000 0.572441 0
8005 0.568373 0
8010 0.566236 0
8015 0.563888 0
8020 0.562611 0
8025 0.561762 0
8030 0.561618 0
8035 0.560383 0
8040 0.561065 0
8045 0.560252 0
8050 0.55894 0
8055 0.558988 0
8060 0.561894 0
8065 0.562129 0
8070 0.56262 0
8075 0.561233 0
8080 0.564199 0
8085 0.564399 0
8090 0.56509 0
8095 0.566008 0
8100 0.564252 0
8105 0.564372 0
8110 0.562882 0
8115 0.564196 0
8120 0.565766 0
8125 0.56262 0
8130 0.560817 0
8135 0.559918 0
8140 0.556305 0
8145 0.553919 0
8150 0.54724 0
8155 0.540939 0
8160 0.536336 0
8165 0.528348 0
8170 0.523241 0
8175 0.514578 0
8180 0.506005 0
8185 0.495901 0
8190 0.485057 0
8195 0.474593 0
8200 0.461738 0
8205 0.447985 0
8210 0.434262 0
8215 0.419448 0
8220 0.404531 0
8225 0.38991 0
8230 0.375926 0
8235 0.364543 0
8240 0.351065 0
8245 0.339242 0
8250 0.327058 0
8255 0.315041 0
8260 0.303464 0
8265 0.293573 0
8270 0.282778 0
8275 0.273898 0
8280 0.266362 0
8285 0.259407 0
8290 0.253611 0
8295 0.249142 0
8300 0.246045 0
8305 0.244542 0
8310 0.244131 0
8315 0.244965 0
8320 0.250218 0
8325 0.262081 0
8330 0.272002 0
8335 0.28241 0
8340 0.292135 0
8345 0.299622 0
8350 0.309998 0
8355 0.317275 0
8360 0.324952 0
8365 0.332395 0
8370 0.33667 0
8375 0.343784 0
8380 0.347587 0
8385 0.354506 0
8390 0.358112 0
8395 0.361462 0
8400 0.364748 0
8405 0.368168 0
8410 0.371364 0
8415 0.374664 0
8420 0.378223 0
8425 0.382129 0
8430 0.386611 0
8435 0.392015 0
8440 0.402684 0
8445 0.416558 0
8450 0.430849 0
8455 0.440738 0
8460 0.454818 0
8465 0.467898 0
8470 0.481768 0
8475 0.49294 0
8480 0.507236 0
8485 0.515863 0
8490 0.527813 0
8495 0.543292 0
8500 0.551215 0
8505 0.559515 0
8510 0.567534 0
8515 0.580651 0
8520 0.589832 0
8525 0.598185 0
8530 0.605111 0
8535 0.612239 0
8540 0.614376 0
8545 0.621914 0
8550 0.627553 0
8555 0.632959 0
8560 0.632971 0
8565 0.638051 0
8570 0.643524 0
8575 0.643941 0
8580 0.648285 0
8585 0.647047 0
8590 0.651056 0
8595 0.651003 0
8600 0.653928 0
8605 0.653618 0
8610 0.651445 0
8615 0.655321 0
8620 0.652665 0
8625 0.650335 0
8630 0.64855 0
8635 0.647588 0
8640 0.6503 0
8645 0.647744 0
8650 0.645628 0
8655 0.642159 0
8660 0.639186 0
8665 0.636332 0
8670 0.632202 0
8675 0.62803 0
8680 0.623916 0
8685 0.619756 0
8690 0.615942 0
8695 0.611314 0
8700 0.609106 0
8705 0.606274 0
8710 0.604703 0
8715 0.600998 0
8720 0.597762 0
8725 0.594944 0
8730 0.590888 0
8735 0.587653 0
8740 0.58197 0
8745 0.578092 0
8750 0.574036 0
8755 0.571545 0
8760 0.569029 0
8765 0.565592 0
8770 0.565339 0
8775 0.563929 0
8780 0.563709 0
8785 0.562253 0
8790 0.561547 0
8795 0.561535 0
8800 0.560675 0
8805 0.55916 0
8810 0.557702 0
8815 0.559169 0
8820 0.555973 0
8825 0.5551 0
8830 0.554037 0
8835 0.551825 0
8840 0.551754 0
8845 0.55085 0
8850 0.550704 0
8855 0.549702 0
8860 0.549533 0
8865 0.548062 0
8870 0.547653 0
8875 0.547415 0
8880 0.546715 0
8885 0.547047 0
8890 0.544812 0
8895 0.545541 0
8900 0.543987 0
8905 0.544014 0
8910 0.542867 0
8915 0.54141 0
8920 0.539964 0
8925 0.53795 0
8930 0.537086 0
8935 0.534607 0
8940 0.532116 0
8945 0.528799 0
8950 0.525754 0
8955 0.522852 0
8960 0.519099 0
8965 0.514748 0
8970 0.509392 0
8975 0.505236 0
8980 0.499011 0
8985 0.49305 0
8990 0.48552 0
8995 0.477927 0
9000 0.470049 0
9005 0.461518 0
9010 0.453121 0
9015 0.445089 0
9020 0.438388 0
9025 0.437699 0
9030 0.437977 0
9035 0.438355 0
9040 0.438596 0
9045 0.437808 0
9050 0.439362 0
9055 0.439688 0
9060 0.440192 0
9065 0.442051 0
9070 0.440645 0
9075 0.443087 0
9080 0.442477 0
9085 0.445347 0
9090 0.445672 0
9095 0.445984 0
9100 0.446559 0
9105 0.451328 0
9110 0.452743 0
9115 0.454487 0
9120 0.45369 0
9125 0.456058 0
9130 0.458696 0
9135 0.46079 0
9140 0.463456 0
9145 0.463369 0
9150 0.466217 0
9155 0.468993 0
9160 0.468583 0
9165 0.471959 0
9170 0.471381 0
9175 0.474825 0
9180 0.474144 0
9185 0.477805 0
9190 0.478806 0
9195 0.479941 0
9200 0.484474 0
9205 0.485836 0
9210 0.486792 0
9215 0.491581 0
9220 0.49254 0
9225 0.493584 0
9230 0.494926 0
9235 0.499242 0
9240 0.499996 0
9245 0.499451 0
9250 0.500634 0
9255 0.500798 0
9260 0.500605 0
9265 0.500301 0
9270 0.499894 0
9275 0.499839 0
9280 0.499248 0
9285 0.498687 0
9290 0.497861 0
9295 0.497142 0
9300 0.496074 0
9305 0.496008 0
9310 0.493454 0
9315 0.492963 0
9320 0.491361 0
9325 0.490335 0
9330 0.48921 0
9335 0.48737 0
9340 0.485701 0
9345 0.483348 0
9350 0.481713 0
9355 0.478396 0
9360 0.475811 0
9365 0.473036 0
9370 0.469787 0
9375 0.466277 0
9380 0.463999 0
9385 0.460671 0
9390 0.457152 0
9395 0.45386 0
9400 0.451402 0
9405 0.450334 0
9410 0.448373 0
9415 0.446793 0
9420 0.445164 0
9425 0.443232 0
9430 0.440313 0
9435 0.438313 0
9440 0.436063 0
9445 0.434109 0
9450 0.431845 0
9455 0.429294 0
9460 0.4259 0
9465 0.424072 0
9470 0.420851 0
9475 0.417663 0
9480 0.414626 0
9485 0.411524 0
9490 0.408921 0
9495 0.406955 0
9500 0.404795 0
9505 0.403203 0
9510 0.401723 0
9515 0.400104 0
9520 0.397925 0
9525 0.395928 0
9530 0.39433 0
9535 0.391275 0
9540 0.390029 0
9545 0.386948 0
9550 0.385864 0
9555 0.383135 0
9560 0.381756 0
9565 0.379577 0
9570 0.378362 0
9575 0.376243 0
9580 0.374315 0
9585 0.372975 0
9590 0.371089 0
9595 0.369199 0
9600 0.367548 0
9605 0.365321 0
9610 0.363271 0
9615 0.360949 0
9620 0.359976 0
9625 0.359448 0
9630 0.357209 0
9635 0.35673 0
9640 0.355324 0
9645 0.354913 0
9650 0.354309 0
9655 0.354875 0
9660 0.354116 0
9665 0.354796 0
9670 0.354199 0
9675 0.354487 0
9680 0.353836 0
9685 0.35431 0
9690 0.353401 0
9695 0.353758 0
9700 0.354352 0
9705 0.35478 0
9710 0.355908 0
9715 0.356022 0
9720 0.357228 0
9725 0.35837 0
9730 0.360376 0
9735 0.362249 0
9740 0.364783 0
9745 0.367623 0
9750 0.369855 0
9755 0.372712 0
9760 0.375112 0
9765 0.377256 0
9770 0.379392 0
9775 0.383117 0
9780 0.385461 0
9785 0.388093 0
9790 0.392053 0
9795 0.393184 0
9800 0.396874 0
9805 0.398813 0
9810 0.402272 0
9815 0.404251 0
9820 0.406295 0
9825 0.40842 0
9830 0.410675 0
9835 0.411752 0
9840 0.413701 0
9845 0.41473 0
9850 0.416474 0
9855 0.417614 0
9860 0.418933 0
9865 0.41915 0
9870 0.420638 0
9875 0.420152 0
9880 0.421362 0
9885 0.421449 0
9890 0.422619 0
9895 0.421595 0
9900 0.422952 0
9905 0.422509 0
9910 0.421929 0
9915 0.421136 0
9920 0.420713 0
9925 0.420437 0
9930 0.420427 0
9935 0.418795 0
9940 0.418374 0
9945 0.416748 0
9950 0.415835 0
9955 0.414899 0
9960 0.41414 0
9965 0.412891 0
9970 0.411264 0
9975 0.409753 0
9980 0.407893 0
9985 0.405456 0
9990 0.404141 0
9995 0.401346 0
10000 0.399061 0

