3300 0.688277 0
3305 0.789237 0
3310 0.887943 0
3315 0.976749 0
3320 1.05568 0
3325 1.13111 0
3330 1.19591 0
3335 1.25291 0
3340 1.30541 0
3345 1.348 0
3350 1.38892 0
3355 1.41843 0
3360 1.44218 0
3365 1.45565 0
3370 1.46602 0
3375 1.46432 0
3380 1.45404 0
3385 1.43458 0
3390 1.40212 0
3395 1.35517 0
3400 1.29053 0
3405 1.20483 0
3410 1.09637 0
3415 0.966579 0
3420 0.822601 0
3425 0.675535 0
3430 0.53713 0
3435 0.415608 0
3440 0.316156 0
3445 0.241278 0
3450 0.190455 0
3455 0.160375 0
3460 0.145767 0
3465 0.14054 0
3470 0.139642 0
3475 0.140219 0
3480 0.141511 0
3485 0.143714 0
3490 0.146831 0
3495 0.150659 0
3500 0.15533 0
3505 0.161608 0
3510 0.170432 0
3515 0.182796 0
3520 0.199832 0
3525 0.222348 0
3530 0.250744 0
3535 0.285172 0
3540 0.326457 0
3545 0.376523 0
3550 0.437967 0
3555 0.515248 0
3560 0.612121 0
3565 0.709275 0
3570 0.794866 0
3575 0.876588 0
3580 0.95384 0
3585 1.03695 0
3590 1.11796 0
3595 1.19309 0
3600 1.25673 0
3605 1.3157 0
3610 1.36905 0
3615 1.41853 0
3620 1.46404 0
3625 1.50781 0
3630 1.54597 0
3635 1.57765 0
3640 1.60289 0
3645 1.6248 0
3650 1.63857 0
3655 1.65006 0
3660 1.655 0
3665 1.65688 0
3670 1.65425 0
3675 1.64379 0
3680 1.63284 0
3685 1.61626 0
3690 1.59869 0
3695 1.57541 0
3700 1.54943 0
3705 1.52027 0
3710 1.48633 0
3715 1.44812 0
3720 1.40484 0
3725 1.35567 0
3730 1.30024 0
3735 1.24833 0
3740 1.19877 0
3745 1.15892 0
3750 1.13673 0
3755 1.11778 0
3760 1.1101 0
3765 1.11519 0
3770 1.13364 0
3775 1.14938 0
3780 1.16464 0
3785 1.19406 0
3790 1.21614 0
3795 1.2345 0
3800 1.26019 0
3805 1.28236 0
3810 1.30345 0
3815 1.32787 0
3820 1.3445 0
3825 1.36744 0
3830 1.38107 0
3835 1.39958 0
3840 1.41067 0
3845 1.41407 0
3850 1.42125 0
3855 1.42031 0
3860 1.41672 0
3865 1.41088 0
3870 1.40287 0
3875 1.39093 0
3880 1.37743 0
3885 1.36015 0
3890 1.34371 0
3895 1.32411 0
3900 1.30079 0
3905 1.27172 0
3910 1.25675 0
3915 1.25999 0
3920 1.26289 0
3925 1.26823 0
3930 1.27454 0
3935 1.27955 0
3940 1.28886 0
3945 1.30124 0
3950 1.31124 0
3955 1.32289 0
3960 1.33759 0
3965 1.34548 0
3970 1.36464 0
3975 1.37584 0
3980 1.38906 0
3985 1.40159 0
3990 1.40583 0
3995 1.41808 0
4000 1.42128 0
4005 1.43182 0
4010 1.43241 0
4015 1.43152 0
4020 1.42899 0
4025 1.42464 0
4030 1.41822 0
4035 1.40945 0
4040 1.39799 0
4045 1.38308 0
4050 1.36362 0
4055 1.33783 0
4060 1.30373 0
4065 1.2589 0
4070 1.20075 0
4075 1.12708 0
4080 1.03732 0
4085 0.933749 0
4090 0.822273 0
4095 0.711455 0
4100 0.610208 0
4105 0.524722 0
4110 0.458046 0
4115 0.411132 0
4120 0.383831 0
4125 0.375212 0
4130 0.384173 0
4135 0.431001 0
4140 0.506802 0
4145 0.565181 0
4150 0.608032 0
4155 0.629729 0
4160 0.629359 0
4165 0.619526 0
4170 0.605846 0
4175 0.585293 0
4180 0.570428 0
4185 0.56231 0
4190 0.555844 0
4195 0.561638 0
4200 0.571176 0
4205 0.591845 0
4210 0.62671 0
4215 0.681742 0
4220 0.730943 0
4225 0.764624 0
4230 0.781123 0
4235 0.786982 0
4240 0.783118 0
4245 0.776258 0
4250 0.769449 0
4255 0.760901 0
4260 0.754982 0
4265 0.753249 0
4270 0.749799 0
4275 0.749904 0
4280 0.753701 0
4285 0.765026 0
4290 0.790994 0
4295 0.829124 0
4300 0.890623 0
4305 0.960403 0
4310 1.03247 0
4315 1.10356 0
4320 1.17693 0
4325 1.24502 0
4330 1.31098 0
4335 1.36846 0
4340 1.42861 0
4345 1.47507 0
4350 1.52508 0
4355 1.57149 0
4360 1.61077 0
4365 1.64271 0
4370 1.68233 0
4375 1.71124 0
4380 1.72808 0
4385 1.74928 0
4390 1.76817 0
4395 1.77591 0
4400 1.78904 0
4405 1.78878 0
4410 1.78915 0
4415 1.78356 0
4420 1.77764 0
4425 1.76635 0
4430 1.75214 0
4435 1.73568 0
4440 1.7173 0
4445 1.69662 0
4450 1.6741 0
4455 1.65007 0
4460 1.62478 0
4465 1.59865 0
4470 1.57232 0
4475 1.54582 0
4480 1.51934 0
4485 1.49353 0
4490 1.46752 0
4495 1.44093 0
4500 1.41295 0
4505 1.38228 0
4510 1.34824 0
4515 1.30871 0
4520 1.26316 0
4525 1.20989 0
4530 1.14966 0
4535 1.08364 0
4540 1.01525 0
4545 0.949928 0
4550 0.902661 0
4555 0.920832 0
4560 0.93521 0
4565 0.957416 0
4570 0.981664 0
4575 1.01811 0
4580 1.05164 0
4585 1.07724 0
4590 1.1264 0
4595 1.16494 0
4600 1.20866 0
4605 1.23805 0
4610 1.28869 0
4615 1.32244 0
4620 1.35744 0
4625 1.39267 0
4630 1.4277 0
4635 1.46138 0
4640 1.49454 0
4645 1.50534 0
4650 1.5344 0
4655 1.54132 0
4660 1.56615 0
4665 1.56856 0
4670 1.56927 0
4675 1.56739 0
4680 1.56359 0
4685 1.55913 0
4690 1.55235 0
4695 1.54412 0
4700 1.53449 0
4705 1.52392 0
4710 1.51272 0
4715 1.50203 0
4720 1.49145 0
4725 1.48054 0
4730 1.46997 0
4735 1.45998 0
4740 1.45 0
4745 1.4412 0
4750 1.43255 0
4755 1.42456 0
4760 1.41774 0
4765 1.41189 0
4770 1.40631 0
4775 1.40183 0
4780 1.39786 0
4785 1.39404 0
4790 1.39106 0
4795 1.38783 0
4800 1.38476 0
4805 1.38147 0
4810 1.37717 0
4815 1.37255 0
4820 1.36652 0
4825 1.36019 0
4830 1.35165 0
4835 1.34077 0
4840 1.32668 0
4845 1.30886 0
4850 1.28594 0
4855 1.25696 0
4860 1.22126 0
4865 1.17776 0
4870 1.12646 0
4875 1.068 0
4880 1.00422 0
4885 0.938676 0
4890 0.875243 0
4895 0.819043 0
4900 0.788116 0
4905 0.81129 0
4910 0.835072 0
4915 0.866495 0
4920 0.899591 0
4925 0.930102 0
4930 0.968853 0
4935 0.999854 0
4940 1.03699 0
4945 1.09599 0
4950 1.12531 0
4955 1.17529 0
4960 1.22832 0
4965 1.26381 0
4970 1.30006 0
4975 1.33622 0
4980 1.37174 0
4985 1.40629 0
4990 1.43972 0
4995 1.47203 0
5000 1.48169 0
5005 1.51055 0
5010 1.51654 0
5015 1.52118 0
5020 1.54412 0
5025 1.5443 0
5030 1.54242 0
5035 1.53834 0
5040 1.53193 0
5045 1.52299 0
5050 1.51135 0
5055 1.49669 0
5060 1.47905 0
5065 1.45797 0
5070 1.43314 0
5075 1.40426 0
5080 1.37047 0
5085 1.33155 0
5090 1.28756 0
5095 1.23911 0
5100 1.18812 0
5105 1.1482 0
5110 1.14127 0
5115 1.13719 0
5120 1.13824 0
5125 1.14018 0
5130 1.13961 0
5135 1.14482 0
5140 1.14427 0
5145 1.15997 0
5150 1.16821 0
5155 1.18025 0
5160 1.18239 0
5165 1.20083 0
5170 1.20766 0
5175 1.21607 0
5180 1.24429 0
5185 1.26018 0
5190 1.27689 0
5195 1.28056 0
5200 1.30099 0
5205 1.32166 0
5210 1.32536 0
5215 1.34511 0
5220 1.34919 0
5225 1.35454 0
5230 1.37261 0
5235 1.37592 0
5240 1.37742 0
5245 1.37954 0
5250 1.37896 0
5255 1.37757 0
5260 1.37594 0
5265 1.37278 0
5270 1.369 0
5275 1.36241 0
5280 1.35769 0
5285 1.349 0
5290 1.34199 0
5295 1.33297 0
5300 1.32239 0
5305 1.30821 0
5310 1.29131 0
5315 1.27232 0
5320 1.24827 0
5325 1.21847 0
5330 1.18418 0
5335 1.14249 0
5340 1.0942 0
5345 1.04045 0
5350 0.980286 0
5355 0.916546 0
5360 0.851907 0
5365 0.789556 0
5370 0.732421 0
5375 0.682995 0
5380 0.644653 0
5385 0.646418 0
5390 0.6736 0
5395 0.699744 0
5400 0.728628 0
5405 0.767806 0
5410 0.804905 0
5415 0.834591 0
5420 0.883006 0
5425 0.920351 0
5430 0.960631 0
5435 0.985358 0
5440 1.02557 0
5445 1.04767 0
5450 1.08268 0
5455 1.0971 0
5460 1.10552 0
5465 1.10801 0
5470 1.10296 0
5475 1.09131 0
5480 1.07259 0
5485 1.03111 0
5490 1.00265 0
5495 0.960481 0
5500 0.934907 0
5505 0.897375 0
5510 0.88953 0
5515 0.873046 0
5520 0.867182 0
5525 0.873842 0
5530 0.876929 0
5535 0.887205 0
5540 0.913954 0
5545 0.9384 0
5550 0.965066 0
5555 0.99664 0
5560 1.02594 0
5565 1.05835 0
5570 1.08975 0
5575 1.11475 0
5580 1.14987 0
5585 1.17787 0
5590 1.20717 0
5595 1.23079 0
5600 1.26541 0
5605 1.28105 0
5610 1.30464 0
5615 1.32765 0
5620 1.34658 0
5625 1.36411 0
5630 1.38139 0
5635 1.39817 0
5640 1.40538 0
5645 1.41561 0
5650 1.42191 0
5655 1.42989 0
5660 1.43016 0
5665 1.42923 0
5670 1.43377 0
5675 1.43018 0
5680 1.42521 0
5685 1.41889 0
5690 1.41154 0
5695 1.40286 0
5700 1.39314 0
5705 1.38242 0
5710 1.37107 0
5715 1.35915 0
5720 1.34669 0
5725 1.33403 0
5730 1.32142 0
5735 1.3095 0
5740 1.29802 0
5745 1.28689 0
5750 1.2763 0
5755 1.26637 0
5760 1.25677 0
5765 1.24799 0
5770 1.23971 0
5775 1.23254 0
5780 1.22568 0
5785 1.21928 0
5790 1.21389 0
5795 1.20868 0
5800 1.20421 0
5805 1.20002 0
5810 1.19626 0
5815 1.19291 0
5820 1.1899 0
5825 1.18721 0
5830 1.18478 0
5835 1.18235 0
5840 1.18034 0
5845 1.17849 0
5850 1.17654 0
5855 1.17492 0
5860 1.17313 0
5865 1.17139 0
5870 1.16992 0
5875 1.16827 0
5880 1.16668 0
5885 1.16514 0
5890 1.16356 0
5895 1.16198 0
5900 1.16037 0
5905 1.159 0
5910 1.15768 0
5915 1.15637 0
5920 1.15507 0
5925 1.15375 0
5930 1.15246 0
5935 1.15107 0
5940 1.14981 0
5945 1.14847 0
5950 1.147 0
5955 1.14565 0
5960 1.14424 0
5965 1.14269 0
5970 1.14117 0
5975 1.13939 0
5980 1.13755 0
5985 1.13551 0
5990 1.13324 0
5995 1.1307 0
6000 1.1278 0
6005 1.12433 0
6010 1.12042 0
6015 1.1159 0
6020 1.11114 0
6025 1.10536 0
6030 1.09851 0
6035 1.09025 0
6040 1.08031 0
6045 1.06848 0
6050 1.05449 0
6055 1.03783 0
6060 1.01847 0
6065 0.996318 0
6070 0.97129 0
6075 0.94429 0
6080 0.917206 0
6085 0.908981 0
6090 0.900691 0
6095 0.89345 0
6100 0.884539 0
6105 0.871893 0
6110 0.85423 0
6115 0.84345 0
6120 0.835151 0
6125 0.832738 0
6130 0.831594 0
6135 0.831698 0
6140 0.830842 0
6145 0.841855 0
6150 0.846883 0
6155 0.854488 0
6160 0.868921 0
6165 0.883316 0
6170 0.900732 0
6175 0.91728 0
6180 0.93384 0
6185 0.955284 0
6190 0.969907 0
6195 0.98127 0
6200 1.00077 0
6205 1.00979 0
6210 1.03123 0
6215 1.04462 0
6220 1.05689 0
6225 1.07061 0
6230 1.08301 0
6235 1.09263 0
6240 1.10534 0
6245 1.11174 0
6250 1.11889 0
6255 1.1254 0
6260 1.12878 0
6265 1.13848 0
6270 1.1394 0
6275 1.14291 0
6280 1.14119 0
6285 1.14278 0
6290 1.14227 0
6295 1.13857 0
6300 1.13489 0
6305 1.1328 0
6310 1.12888 0
6315 1.12449 0
6320 1.11931 0
6325 1.11383 0
6330 1.10813 0
6335 1.10254 0
6340 1.09571 0
6345 1.08919 0
6350 1.08178 0
6355 1.07406 0
6360 1.06575 0
6365 1.05626 0
6370 1.04708 0
6375 1.03717 0
6380 1.02746 0
6385 1.01816 0
6390 1.01055 0
6395 1.00263 0
6400 0.995195 0
6405 0.987373 0
6410 0.978468 0
6415 0.968799 0
6420 0.959064 0
6425 0.948189 0
6430 0.937466 0
6435 0.93494 0
6440 0.935462 0
6445 0.93805 0
6450 0.94112 0
6455 0.943266 0
6460 0.943669 0
6465 0.947888 0
6470 0.951213 0
6475 0.954348 0
6480 0.957934 0
6485 0.96275 0
6490 0.964875 0
6495 0.972347 0
6500 0.97409 0
6505 0.978397 0
6510 0.982492 0
6515 0.986446 0
6520 0.990188 0
6525 0.995725 0
6530 1.0004 0
6535 1.00572 0
6540 1.01171 0
6545 1.01165 0
6550 1.01715 0
6555 1.01788 0
6560 1.0229 0
6565 1.02378 0
6570 1.02878 0
6575 1.02947 0
6580 1.02949 0
6585 1.03387 0
6590 1.03324 0
6595 1.03308 0
6600 1.0319 0
6605 1.03027 0
6610 1.02876 0
6615 1.02658 0
6620 1.02442 0
6625 1.02197 0
6630 1.01938 0
6635 1.0165 0
6640 1.01361 0
6645 1.01058 0
6650 1.0074 0
6655 1.00437 0
6660 1.00145 0
6665 0.998419 0
6670 0.99539 0
6675 0.992533 0
6680 0.989948 0
6685 0.987076 0
6690 0.984539 0
6695 0.981891 0
6700 0.979719 0
6705 0.977334 0
6710 0.975051 0
6715 0.972914 0
6720 0.971054 0
6725 0.969044 0
6730 0.967163 0
6735 0.965288 0
6740 0.963526 0
6745 0.961789 0
6750 0.960105 0
6755 0.958453 0
6760 0.956863 0
6765 0.955265 0
6770 0.953695 0
6775 0.952151 0
6780 0.950627 0
6785 0.949073 0
6790 0.94772 0
6795 0.946443 0
6800 0.945155 0
6805 0.943943 0
6810 0.942715 0
6815 0.941562 0
6820 0.940356 0
6825 0.939161 0
6830 0.937994 0
6835 0.936887 0
6840 0.935774 0
6845 0.93466 0
6850 0.933515 0
6855 0.932465 0
6860 0.93132 0
6865 0.930185 0
6870 0.929085 0
6875 0.927969 0
6880 0.92686 0
6885 0.925759 0
6890 0.924666 0
6895 0.923579 0
6900 0.922404 0
6905 0.921327 0
6910 0.920254 0
6915 0.91909 0
6920 0.918023 0
6925 0.916861 0
6930 0.915701 0
6935 0.914637 0
6940 0.913473 0
6945 0.912308 0
6950 0.911235 0
6955 0.910061 0
6960 0.908879 0
6965 0.907689 0
6970 0.906491 0
6975 0.905281 0
6980 0.904061 0
6985 0.902826 0
6990 0.901578 0
6995 0.900315 0
7000 0.899041 0
7005 0.897842 0
7010 0.896662 0
7015 0.895469 0
7020 0.894292 0
7025 0.893099 0
7030 0.891913 0
7035 0.890696 0
7040 0.889477 0
7045 0.888257 0
7050 0.887039 0
7055 0.885905 0
7060 0.884788 0
7065 0.883621 0
7070 0.88247 0
7075 0.881353 0
7080 0.880167 0
7085 0.879009 0
7090 0.877821 0
7095 0.876628 0
7100 0.875404 0
7105 0.874335 0
7110 0.873235 0
7115 0.872144 0
7120 0.871108 0
7125 0.87004 0
7130 0.868959 0
7135 0.867875 0
7140 0.866864 0
7145 0.865809 0
7150 0.864774 0
7155 0.863724 0
7160 0.862639 0
7165 0.86155 0
7170 0.860486 0
7175 0.859385 0
7180 0.858249 0
7185 0.857063 0
7190 0.855888 0
7195 0.854614 0
7200 0.853373 0
7205 0.851949 0
7210 0.850535 0
7215 0.849082 0
7220 0.847579 0
7225 0.845874 0
7230 0.844285 0
7235 0.842903 0
7240 0.841547 0
7245 0.840242 0
7250 0.839143 0
7255 0.838151 0
7260 0.837151 0
7265 0.836017 0
7270 0.834962 0
7275 0.833918 0
7280 0.832757 0
7285 0.831463 0
7290 0.83046 0
7295 0.829365 0
7300 0.828263 0
7305 0.827573 0
7310 0.826575 0
7315 0.825617 0
7320 0.824819 0
7325 0.82384 0
7330 0.822911 0
7335 0.822026 0
7340 0.821334 0
7345 0.820741 0
7350 0.819765 0
7355 0.819165 0
7360 0.818696 0
7365 0.817785 0
7370 0.817289 0
7375 0.816606 0
7380 0.815831 0
7385 0.815372 0
7390 0.814495 0
7395 0.813644 0
7400 0.813036 0
7405 0.812439 0
7410 0.811623 0
7415 0.810661 0
7420 0.810059 0
7425 0.809092 0
7430 0.80827 0
7435 0.807286 0
7440 0.806377 0
7445 0.805341 0
7450 0.8044 0
7455 0.803353 0
7460 0.802186 0
7465 0.801163 0
7470 0.800031 0
7475 0.798879 0
7480 0.797597 0
7485 0.796281 0
7490 0.795024 0
7495 0.793623 0
7500 0.79218 0
7505 0.790699 0
7510 0.789365 0
7515 0.788269 0
7520 0.787171 0
7525 0.786094 0
7530 0.785103 0
7535 0.783934 0
7540 0.782938 0
7545 0.781848 0
7550 0.780795 0
7555 0.779779 0
7560 0.778799 0
7565 0.777677 0
7570 0.776766 0
7575 0.775702 0
7580 0.774858 0
7585 0.773849 0
7590 0.772869 0
7595 0.771913 0
7600 0.770982 0
7605 0.770075 0
7610 0.769191 0
7615 0.768328 0
7620 0.767265 0
7625 0.766439 0
7630 0.765626 0
7635 0.764598 0
7640 0.763809 0
7645 0.763029 0
7650 0.762021 0
7655 0.76125 0
7660 0.760248 0
7665 0.759292 0
7670 0.758586 0
7675 0.75764 0
7680 0.75669 0
7685 0.755747 0
7690 0.755043 0
7695 0.754085 0
7700 0.753126 0
7705 0.752165 0
7710 0.751201 0
7715 0.750235 0
7720 0.749244 0
7725 0.748271 0
7730 0.747273 0
7735 0.746271 0
7740 0.745267 0
7745 0.74426 0
7750 0.743251 0
7755 0.742245 0
7760 0.741238 0
7765 0.740231 0
7770 0.739226 0
7775 0.738226 0
7780 0.737201 0
7785 0.736201 0
7790 0.735204 0
7795 0.73418 0
7800 0.733185 0
7805 0.732161 0
7810 0.731162 0
7815 0.730134 0
7820 0.729101 0
7825 0.728091 0
7830 0.727045 0
7835 0.725989 0
7840 0.724922 0
7845 0.723866 0
7850 0.722764 0
7855 0.721641 0
7860 0.72049 0
7865 0.719311 0
7870 0.718098 0
7875 0.716847 0
7880 0.71556 0
7885 0.714253 0
7890 0.713195 0
7895 0.712236 0
7900 0.711245 0
7905 0.710319 0
7910 0.709339 0
7915 0.708266 0
7920 0.707333 0
7925 0.706283 0
7930 0.705252 0
7935 0.704067 0
7940 0.703027 0
7945 0.701802 0
7950 0.700718 0
7955 0.699424 0
7960 0.698103 0
7965 0.696917 0
7970 0.695478 0
7975 0.693954 0
7980 0.692338 0
7985 0.690607 0
7990 0.688773 0
7995 0.686696 0
8000 0.684711 0
8005 0.682555 0
8010 0.680458 0
8015 0.678502 0
8020 0.676478 0
8025 0.674434 0
8030 0.672684 0
8035 0.670482 0
8040 0.668703 0
8045 0.666698 0
8050 0.665372 0
8055 0.664131 0
8060 0.663527 0
8065 0.662578 0
8070 0.662064 0
8075 0.661268 0
8080 0.660274 0
8085 0.660099 0
8090 0.658901 0
8095 0.658235 0
8100 0.657495 0
8105 0.656776 0
8110 0.655727 0
8115 0.65503 0
8120 0.654102 0
8125 0.653146 0
8130 0.652601 0
8135 0.651729 0
8140 0.650335 0
8145 0.648653 0
8150 0.647673 0
8155 0.646612 0
8160 0.646708 0
8165 0.646925 0
8170 0.647239 0
8175 0.647486 0
8180 0.647724 0
8185 0.648003 0
8190 0.648044 0
8195 0.648754 0
8200 0.649253 0
8205 0.64919 0
8210 0.64966 0
8215 0.649806 0
8220 0.650508 0
8225 0.650534 0
8230 0.650257 0
8235 0.650088 0
8240 0.650524 0
8245 0.650206 0
8250 0.650379 0
8255 0.650053 0
8260 0.649485 0
8265 0.649319 0
8270 0.648836 0
8275 0.648869 0
8280 0.649008 0
8285 0.64807 0
8290 0.648258 0
8295 0.647419 0
8300 0.647552 0
8305 0.646753 0
8310 0.646901 0
8315 0.646105 0
8320 0.645568 0
8325 0.645461 0
8330 0.644569 0
8335 0.644114 0
8340 0.64339 0
8345 0.643181 0
8350 0.642296 0
8355 0.641829 0
8360 0.640955 0
8365 0.640043 0
8370 0.639161 0
8375 0.638242 0
8380 0.63722 0
8385 0.636276 0
8390 0.63536 0
8395 0.634232 0
8400 0.633275 0
8405 0.632298 0
8410 0.631178 0
8415 0.630175 0
8420 0.629057 0
8425 0.627927 0
8430 0.626934 0
8435 0.625832 0
8440 0.624712 0
8445 0.623743 0
8450 0.622641 0
8455 0.621565 0
8460 0.620483 0
8465 0.619572 0
8470 0.618515 0
8475 0.617478 0
8480 0.616439 0
8485 0.615405 0
8490 0.614399 0
8495 0.613386 0
8500 0.612384 0
8505 0.611392 0
8510 0.610406 0
8515 0.609428 0
8520 0.608448 0
8525 0.607483 0
8530 0.606521 0
8535 0.605555 0
8540 0.60459 0
8545 0.603627 0
8550 0.602662 0
8555 0.601697 0
8560 0.600727 0
8565 0.59975 0
8570 0.598765 0
8575 0.597761 0
8580 0.596782 0
8585 0.595815 0
8590 0.594838 0
8595 0.593869 0
8600 0.592875 0
8605 0.591876 0
8610 0.590906 0
8615 0.58995 0
8620 0.588976 0
8625 0.587996 0
8630 0.586963 0
8635 0.585917 0
8640 0.584836 0
8645 0.583687 0
8650 0.582541 0
8655 0.581354 0
8660 0.580255 0
8665 0.579118 0
8670 0.577944 0
8675 0.576754 0
8680 0.575639 0
8685 0.57452 0
8690 0.573469 0
8695 0.572579 0
8700 0.571716 0
8705 0.571037 0
8710 0.570429 0
8715 0.569776 0
8720 0.569203 0
8725 0.568616 0
8730 0.567973 0
8735 0.56735 0
8740 0.566752 0
8745 0.566243 0
8750 0.565732 0
8755 0.565101 0
8760 0.564628 0
8765 0.56397 0
8770 0.563368 0
8775 0.562683 0
8780 0.562182 0
8785 0.561641 0
8790 0.560976 0
8795 0.560363 0
8800 0.559459 0
8805 0.558862 0
8810 0.558066 0
8815 0.557275 0
8820 0.556573 0
8825 0.55566 0
8830 0.555063 0
8835 0.554044 0
8840 0.553547 0
8845 0.553054 0
8850 0.552565 0
8855 0.552139 0
8860 0.55169 0
8865 0.551261 0
8870 0.550841 0
8875 0.550284 0
8880 0.549763 0
8885 0.549273 0
8890 0.548598 0
8895 0.548148 0
8900 0.547599 0
8905 0.547049 0
8910 0.546577 0
8915 0.545936 0
8920 0.545288 0
8925 0.544635 0
8930 0.543895 0
8935 0.543235 0
8940 0.542601 0
8945 0.541992 0
8950 0.541214 0
8955 0.540606 0
8960 0.53985 0
8965 0.539113 0
8970 0.538428 0
8975 0.537516 0
8980 0.536898 0
8985 0.535897 0
8990 0.535128 0
8995 0.534361 0
9000 0.533711 0
9005 0.532815 0
9010 0.532134 0
9015 0.531424 0
9020 0.530692 0
9025 0.529895 0
9030 0.529233 0
9035 0.528602 0
9040 0.52767 0
9045 0.526819 0
9050 0.526026 0
9055 0.525109 0
9060 0.524198 0
9065 0.523194 0
9070 0.522178 0
9075 0.52108 0
9080 0.519949 0
9085 0.518771 0
9090 0.517481 0
9095 0.516007 0
9100 0.514593 0
9105 0.513269 0
9110 0.512056 0
9115 0.511121 0
9120 0.51041 0
9125 0.509638 0
9130 0.508984 0
9135 0.50836 0
9140 0.507952 0
9145 0.507596 0
9150 0.507064 0
9155 0.50649 0
9160 0.506187 0
9165 0.505956 0
9170 0.505375 0
9175 0.504899 0
9180 0.504503 0
9185 0.504411 0
9190 0.504006 0
9195 0.503628 0
9200 0.503367 0
9205 0.502984 0
9210 0.502729 0
9215 0.502462 0
9220 0.501839 0
9225 0.501625 0
9230 0.501429 0
9235 0.501343 0
9240 0.500859 0
9245 0.500682 0
9250 0.500141 0
9255 0.500113 0
9260 0.499511 0
9265 0.499562 0
9270 0.499022 0
9275 0.498904 0
9280 0.498555 0
9285 0.498398 0
9290 0.49783 0
9295 0.49744 0
9300 0.496877 0
9305 0.496791 0
9310 0.496135 0
9315 0.495599 0
9320 0.495105 0
9325 0.494817 0
9330 0.494155 0
9335 0.493459 0
9340 0.492674 0
9345 0.49199 0
9350 0.491143 0
9355 0.490335 0
9360 0.489446 0
9365 0.488529 0
9370 0.487576 0
9375 0.486584 0
9380 0.485546 0
9385 0.484498 0
9390 0.483554 0
9395 0.482604 0
9400 0.4816 0
9405 0.480555 0
9410 0.479545 0
9415 0.478422 0
9420 0.477283 0
9425 0.476129 0
9430 0.474959 0
9435 0.473826 0
9440 0.472646 0
9445 0.471531 0
9450 0.470275 0
9455 0.469079 0
9460 0.467933 0
9465 0.466631 0
9470 0.465308 0
9475 0.464001 0
9480 0.462721 0
9485 0.46151 0
9490 0.460284 0
9495 0.458885 0
9500 0.457756 0
9505 0.456894 0
9510 0.456065 0
9515 0.455288 0
9520 0.454586 0
9525 0.453924 0
9530 0.453183 0
9535 0.452418 0
9540 0.451706 0
9545 0.450724 0
9550 0.450118 0
9555 0.449628 0
9560 0.448927 0
9565 0.448468 0
9570 0.448319 0
9575 0.44797 0
9580 0.44767 0
9585 0.447641 0
9590 0.447181 0
9595 0.44709 0
9600 0.446745 0
9605 0.446613 0
9610 0.446289 0
9615 0.446073 0
9620 0.445986 0
9625 0.445694 0
9630 0.445421 0
9635 0.445298 0
9640 0.445113 0
9645 0.444836 0
9650 0.44495 0
9655 0.444931 0
9660 0.445134 0
9665 0.44508 0
9670 0.445133 0
9675 0.444988 0
9680 0.444952 0
9685 0.444983 0
9690 0.444748 0
9695 0.44445 0
9700 0.44468 0
9705 0.444293 0
9710 0.444212 0
9715 0.443827 0
9720 0.443706 0
9725 0.443358 0
9730 0.44309 0
9735 0.442759 0
9740 0.44236 0
9745 0.441842 0
9750 0.441415 0
9755 0.4409 0
9760 0.440476 0
9765 0.439793 0
9770 0.439358 0
9775 0.438695 0
9780 0.438191 0
9785 0.437791 0
9790 0.437377 0
9795 0.437148 0
9800 0.436536 0
9805 0.435999 0
9810 0.435549 0
9815 0.434936 0
9820 0.43442 0
9825 0.433807 0
9830 0.433367 0
9835 0.432698 0
9840 0.432217 0
9845 0.431576 0
9850 0.431029 0
9855 0.430438 0
9860 0.429793 0
9865 0.4294 0
9870 0.42879 0
9875 0.428217 0
9880 0.427626 0
9885 0.427067 0
9890 0.426517 0
9895 0.425948 0
9900 0.425388 0
9905 0.424761 0
9910 0.424161 0
9915 0.423688 0
9920 0.422946 0
9925 0.42244 0
9930 0.421722 0
9935 0.421194 0
9940 0.420499 0
9945 0.419988 0
9950 0.419313 0
9955 0.418803 0
9960 0.418205 0
9965 0.417563 0
9970 0.417029 0
9975 0.416368 0
9980 0.4157 0
9985 0.41506 0
9990 0.414504 0
9995 0.413863 0
10000 0.413172 0

