3300 0.765789 0
3305 0.719943 0
3310 0.671292 0
3315 0.623265 0
3320 0.582394 0
3325 0.543481 0
3330 0.510084 0
3335 0.481415 0
3340 0.46455 0
3345 0.455844 0
3350 0.459942 0
3355 0.482395 0
3360 0.509637 0
3365 0.534269 0
3370 0.553241 0
3375 0.566653 0
3380 0.581465 0
3385 0.596708 0
3390 0.618069 0
3395 0.630349 0
3400 0.64003 0
3405 0.652255 0
3410 0.659981 0
3415 0.656693 0
3420 0.641749 0
3425 0.616922 0
3430 0.586016 0
3435 0.551026 0
3440 0.512016 0
3445 0.472128 0
3450 0.430079 0
3455 0.390001 0
3460 0.354204 0
3465 0.325696 0
3470 0.305344 0
3475 0.293876 0
3480 0.290968 0
3485 0.294191 0
3490 0.300201 0
3495 0.305956 0
3500 0.308897 0
3505 0.311438 0
3510 0.316193 0
3515 0.323777 0
3520 0.33412 0
3525 0.346581 0
3530 0.361267 0
3535 0.378675 0
3540 0.400342 0
3545 0.427054 0
3550 0.460037 0
3555 0.501198 0
3560 0.534836 0
3565 0.552284 0
3570 0.559184 0
3575 0.555745 0
3580 0.545514 0
3585 0.53054 0
3590 0.513593 0
3595 0.491203 0
3600 0.463723 0
3605 0.433245 0
3610 0.402951 0
3615 0.374714 0
3620 0.350399 0
3625 0.330835 0
3630 0.316283 0
3635 0.307282 0
3640 0.304338 0
3645 0.307786 0
3650 0.317705 0
3655 0.334287 0
3660 0.357557 0
3665 0.386089 0
3670 0.416887 0
3675 0.438929 0
3680 0.445196 0
3685 0.440577 0
3690 0.428349 0
3695 0.412724 0
3700 0.397787 0
3705 0.384506 0
3710 0.376089 0
3715 0.372437 0
3720 0.373904 0
3725 0.380335 0
3730 0.391314 0
3735 0.406386 0
3740 0.424005 0
3745 0.443134 0
3750 0.462339 0
3755 0.481964 0
3760 0.504949 0
3765 0.527285 0
3770 0.54533 0
3775 0.561381 0
3780 0.579054 0
3785 0.600989 0
3790 0.62922 0
3795 0.65683 0
3800 0.689249 0
3805 0.725064 0
3810 0.753233 0
3815 0.772335 0
3820 0.791798 0
3825 0.811679 0
3830 0.835078 0
3835 0.852824 0
3840 0.864033 0
3845 0.867471 0
3850 0.872197 0
3855 0.873103 0
3860 0.874718 0
3865 0.878821 0
3870 0.900927 0
3875 0.917879 0
3880 0.926789 0
3885 0.928035 0
3890 0.924405 0
3895 0.916609 0
3900 0.906692 0
3905 0.897775 0
3910 0.882312 0
3915 0.858671 0
3920 0.827602 0
3925 0.788039 0
3930 0.744435 0
3935 0.706654 0
3940 0.669993 0
3945 0.647984 0
3950 0.63222 0
3955 0.626713 0
3960 0.639277 0
3965 0.67315 0
3970 0.720476 0
3975 0.77272 0
3980 0.822532 0
3985 0.867775 0
3990 0.902277 0
3995 0.932712 0
4000 0.950435 0
4005 0.966085 0
4010 0.96889 0
4015 0.970959 0
4020 0.96538 0
4025 0.960147 0
4030 0.958164 0
4035 0.954441 0
4040 0.959404 0
4045 0.961206 0
4050 0.96923 0
4055 0.965379 0
4060 0.951608 0
4065 0.93065 0
4070 0.90623 0
4075 0.882949 0
4080 0.858888 0
4085 0.834147 0
4090 0.821176 0
4095 0.818555 0
4100 0.814841 0
4105 0.801909 0
4110 0.789985 0
4115 0.778563 0
4120 0.767066 0
4125 0.758683 0
4130 0.746767 0
4135 0.733909 0
4140 0.723492 0
4145 0.713489 0
4150 0.704211 0
4155 0.706272 0
4160 0.724182 0
4165 0.747316 0
4170 0.761769 0
4175 0.769091 0
4180 0.767341 0
4185 0.759675 0
4190 0.753161 0
4195 0.749956 0
4200 0.758566 0
4205 0.768916 0
4210 0.784684 0
4215 0.818452 0
4220 0.863991 0
4225 0.901713 0
4230 0.927171 0
4235 0.948183 0
4240 0.954245 0
4245 0.951867 0
4250 0.940707 0
4255 0.918754 0
4260 0.893998 0
4265 0.87228 0
4270 0.865215 0
4275 0.872923 0
4280 0.875084 0
4285 0.87785 0
4290 0.886926 0
4295 0.912241 0
4300 0.947611 0
4305 0.983732 0
4310 1.02203 0
4315 1.05463 0
4320 1.08404 0
4325 1.11677 0
4330 1.14215 0
4335 1.16873 0
4340 1.19265 0
4345 1.20633 0
4350 1.22108 0
4355 1.23798 0
4360 1.25734 0
4365 1.2749 0
4370 1.30095 0
4375 1.32509 0
4380 1.34456 0
4385 1.35915 0
4390 1.37097 0
4395 1.38169 0
4400 1.38316 0
4405 1.38034 0
4410 1.37832 0
4415 1.3825 0
4420 1.38857 0
4425 1.39253 0
4430 1.39433 0
4435 1.39346 0
4440 1.39848 0
4445 1.40106 0
4450 1.40536 0
4455 1.40548 0
4460 1.40141 0
4465 1.39894 0
4470 1.3951 0
4475 1.3883 0
4480 1.37905 0
4485 1.37318 0
4490 1.3623 0
4495 1.35071 0
4500 1.34333 0
4505 1.33113 0
4510 1.31756 0
4515 1.30427 0
4520 1.29467 0
4525 1.28544 0
4530 1.27738 0
4535 1.2734 0
4540 1.26874 0
4545 1.26418 0
4550 1.26 0
4555 1.25468 0
4560 1.25133 0
4565 1.25134 0
4570 1.25379 0
4575 1.25637 0
4580 1.26074 0
4585 1.26447 0
4590 1.27113 0
4595 1.27713 0
4600 1.2822 0
4605 1.28312 0
4610 1.28499 0
4615 1.28926 0
4620 1.29496 0
4625 1.30049 0
4630 1.30808 0
4635 1.31105 0
4640 1.31717 0
4645 1.31845 0
4650 1.32061 0
4655 1.32198 0
4660 1.32206 0
4665 1.32143 0
4670 1.3192 0
4675 1.31986 0
4680 1.32025 0
4685 1.32031 0
4690 1.31644 0
4695 1.31386 0
4700 1.30803 0
4705 1.29851 0
4710 1.28585 0
4715 1.27096 0
4720 1.24975 0
4725 1.22968 0
4730 1.20467 0
4735 1.17821 0
4740 1.14771 0
4745 1.11324 0
4750 1.08461 0
4755 1.0545 0
4760 1.02289 0
4765 0.995044 0
4770 0.975766 0
4775 0.956074 0
4780 0.928946 0
4785 0.907494 0
4790 0.887055 0
4795 0.880877 0
4800 0.879603 0
4805 0.879742 0
4810 0.876201 0
4815 0.874572 0
4820 0.86911 0
4825 0.861491 0
4830 0.871331 0
4835 0.890268 0
4840 0.904538 0
4845 0.91232 0
4850 0.925664 0
4855 0.938599 0
4860 0.954384 0
4865 0.970977 0
4870 0.98017 0
4875 0.995178 0
4880 1.01969 0
4885 1.03687 0
4890 1.06305 0
4895 1.08238 0
4900 1.10185 0
4905 1.11897 0
4910 1.13602 0
4915 1.15394 0
4920 1.17005 0
4925 1.18169 0
4930 1.1932 0
4935 1.19897 0
4940 1.21011 0
4945 1.2215 0
4950 1.22974 0
4955 1.23652 0
4960 1.23831 0
4965 1.24145 0
4970 1.24143 0
4975 1.23818 0
4980 1.23011 0
4985 1.21451 0
4990 1.19732 0
4995 1.17857 0
5000 1.15769 0
5005 1.14204 0
5010 1.12749 0
5015 1.11495 0
5020 1.10126 0
5025 1.08562 0
5030 1.0723 0
5035 1.06225 0
5040 1.05568 0
5045 1.04534 0
5050 1.03278 0
5055 1.02105 0
5060 1.01392 0
5065 1.00955 0
5070 1.0039 0
5075 0.995861 0
5080 0.987211 0
5085 0.978475 0
5090 0.969316 0
5095 0.970369 0
5100 0.980929 0
5105 0.99021 0
5110 0.99942 0
5115 1.00455 0
5120 1.00826 0
5125 1.00977 0
5130 1.01112 0
5135 1.02487 0
5140 1.03905 0
5145 1.04953 0
5150 1.05937 0
5155 1.07387 0
5160 1.08344 0
5165 1.09012 0
5170 1.08997 0
5175 1.08892 0
5180 1.08335 0
5185 1.07872 0
5190 1.08215 0
5195 1.0793 0
5200 1.07484 0
5205 1.06772 0
5210 1.0562 0
5215 1.0403 0
5220 1.01969 0
5225 0.99606 0
5230 0.979695 0
5235 0.956724 0
5240 0.938166 0
5245 0.916094 0
5250 0.893516 0
5255 0.876581 0
5260 0.859128 0
5265 0.852905 0
5270 0.849354 0
5275 0.852447 0
5280 0.855222 0
5285 0.863366 0
5290 0.876821 0
5295 0.889721 0
5300 0.900743 0
5305 0.912387 0
5310 0.927837 0
5315 0.942477 0
5320 0.96276 0
5325 0.990367 0
5330 1.01003 0
5335 1.03203 0
5340 1.05789 0
5345 1.07911 0
5350 1.10551 0
5355 1.12942 0
5360 1.14902 0
5365 1.16616 0
5370 1.1796 0
5375 1.194 0
5380 1.20165 0
5385 1.21356 0
5390 1.21782 0
5395 1.22042 0
5400 1.22216 0
5405 1.2181 0
5410 1.21158 0
5415 1.20299 0
5420 1.19239 0
5425 1.18047 0
5430 1.17296 0
5435 1.16245 0
5440 1.15288 0
5445 1.14615 0
5450 1.14038 0
5455 1.12985 0
5460 1.1212 0
5465 1.11022 0
5470 1.10234 0
5475 1.10003 0
5480 1.10336 0
5485 1.10141 0
5490 1.10432 0
5495 1.10282 0
5500 1.10537 0
5505 1.10344 0
5510 1.11287 0
5515 1.12023 0
5520 1.12808 0
5525 1.14079 0
5530 1.15076 0
5535 1.16099 0
5540 1.17179 0
5545 1.17594 0
5550 1.18836 0
5555 1.19655 0
5560 1.20482 0
5565 1.21405 0
5570 1.22289 0
5575 1.2329 0
5580 1.23777 0
5585 1.246 0
5590 1.249 0
5595 1.25057 0
5600 1.25486 0
5605 1.25383 0
5610 1.25582 0
5615 1.256 0
5620 1.25626 0
5625 1.25724 0
5630 1.25645 0
5635 1.25486 0
5640 1.25266 0
5645 1.2503 0
5650 1.24481 0
5655 1.24171 0
5660 1.23742 0
5665 1.23258 0
5670 1.22788 0
5675 1.22336 0
5680 1.21904 0
5685 1.21235 0
5690 1.20649 0
5695 1.19897 0
5700 1.1911 0
5705 1.18385 0
5710 1.1773 0
5715 1.17476 0
5720 1.17005 0
5725 1.16592 0
5730 1.16044 0
5735 1.15657 0
5740 1.15077 0
5745 1.14518 0
5750 1.13899 0
5755 1.1325 0
5760 1.12594 0
5765 1.1203 0
5770 1.11635 0
5775 1.11485 0
5780 1.11567 0
5785 1.11466 0
5790 1.11559 0
5795 1.11544 0
5800 1.11462 0
5805 1.11253 0
5810 1.11176 0
5815 1.11069 0
5820 1.10773 0
5825 1.10832 0
5830 1.10868 0
5835 1.10714 0
5840 1.10724 0
5845 1.10659 0
5850 1.10622 0
5855 1.10464 0
5860 1.10417 0
5865 1.10497 0
5870 1.10583 0
5875 1.10913 0
5880 1.11127 0
5885 1.11418 0
5890 1.1139 0
5895 1.11499 0
5900 1.11788 0
5905 1.11699 0
5910 1.11723 0
5915 1.11719 0
5920 1.1163 0
5925 1.11781 0
5930 1.11588 0
5935 1.11542 0
5940 1.11311 0
5945 1.11161 0
5950 1.10966 0
5955 1.10705 0
5960 1.10458 0
5965 1.10083 0
5970 1.0962 0
5975 1.09478 0
5980 1.09428 0
5985 1.0932 0
5990 1.09385 0
5995 1.09099 0
6000 1.09 0
6005 1.09004 0
6010 1.08926 0
6015 1.08799 0
6020 1.08771 0
6025 1.08682 0
6030 1.08539 0
6035 1.08605 0
6040 1.08423 0
6045 1.08427 0
6050 1.0834 0
6055 1.08058 0
6060 1.08005 0
6065 1.07695 0
6070 1.07512 0
6075 1.07533 0
6080 1.07387 0
6085 1.07253 0
6090 1.0731 0
6095 1.07384 0
6100 1.0745 0
6105 1.07482 0
6110 1.07467 0
6115 1.07427 0
6120 1.07357 0
6125 1.0718 0
6130 1.07005 0
6135 1.06751 0
6140 1.06694 0
6145 1.06616 0
6150 1.06489 0
6155 1.06466 0
6160 1.06445 0
6165 1.06192 0
6170 1.061 0
6175 1.06003 0
6180 1.0598 0
6185 1.05862 0
6190 1.05766 0
6195 1.05458 0
6200 1.05354 0
6205 1.05019 0
6210 1.04678 0
6215 1.04258 0
6220 1.03787 0
6225 1.03281 0
6230 1.02839 0
6235 1.02673 0
6240 1.02345 0
6245 1.02151 0
6250 1.02051 0
6255 1.02032 0
6260 1.02064 0
6265 1.02161 0
6270 1.02351 0
6275 1.02358 0
6280 1.02389 0
6285 1.02559 0
6290 1.02634 0
6295 1.0253 0
6300 1.02458 0
6305 1.02322 0
6310 1.02309 0
6315 1.02257 0
6320 1.01986 0
6325 1.01951 0
6330 1.02046 0
6335 1.02145 0
6340 1.02219 0
6345 1.02329 0
6350 1.02605 0
6355 1.02658 0
6360 1.02892 0
6365 1.02894 0
6370 1.02907 0
6375 1.02967 0
6380 1.0311 0
6385 1.03051 0
6390 1.03086 0
6395 1.02923 0
6400 1.02761 0
6405 1.02767 0
6410 1.02656 0
6415 1.02551 0
6420 1.02435 0
6425 1.02358 0
6430 1.02321 0
6435 1.02107 0
6440 1.01967 0
6445 1.01887 0
6450 1.01694 0
6455 1.01347 0
6460 1.013 0
6465 1.01068 0
6470 1.00956 0
6475 1.00887 0
6480 1.00604 0
6485 1.00387 0
6490 1.00246 0
6495 1.00073 0
6500 0.99882 0
6505 0.996942 0
6510 0.995972 0
6515 0.995324 0
6520 0.993207 0
6525 0.992375 0
6530 0.990628 0
6535 0.989859 0
6540 0.987723 0
6545 0.986079 0
6550 0.985118 0
6555 0.98495 0
6560 0.984203 0
6565 0.983324 0
6570 0.982141 0
6575 0.981808 0
6580 0.981501 0
6585 0.980714 0
6590 0.979614 0
6595 0.97917 0
6600 0.978264 0
6605 0.976557 0
6610 0.975304 0
6615 0.973735 0
6620 0.971987 0
6625 0.969679 0
6630 0.968012 0
6635 0.965376 0
6640 0.963666 0
6645 0.961279 0
6650 0.958604 0
6655 0.956175 0
6660 0.954198 0
6665 0.951316 0
6670 0.949101 0
6675 0.947392 0
6680 0.946628 0
6685 0.94551 0
6690 0.945167 0
6695 0.944639 0
6700 0.944077 0
6705 0.9432 0
6710 0.942377 0
6715 0.942014 0
6720 0.941029 0
6725 0.940499 0
6730 0.940439 0
6735 0.939425 0
6740 0.939395 0
6745 0.938754 0
6750 0.937876 0
6755 0.9374 0
6760 0.936903 0
6765 0.936022 0
6770 0.935229 0
6775 0.934944 0
6780 0.935209 0
6785 0.933715 0
6790 0.933826 0
6795 0.933254 0
6800 0.931756 0
6805 0.93165 0
6810 0.930002 0
6815 0.928677 0
6820 0.926706 0
6825 0.925102 0
6830 0.923211 0
6835 0.922402 0
6840 0.920904 0
6845 0.919226 0
6850 0.91801 0
6855 0.91683 0
6860 0.914906 0
6865 0.913678 0
6870 0.91204 0
6875 0.909897 0
6880 0.908284 0
6885 0.906181 0
6890 0.90491 0
6895 0.902933 0
6900 0.900982 0
6905 0.899006 0
6910 0.897491 0
6915 0.895139 0
6920 0.893012 0
6925 0.890844 0
6930 0.88796 0
6935 0.88442 0
6940 0.880816 0
6945 0.877102 0
6950 0.872913 0
6955 0.868849 0
6960 0.864713 0
6965 0.859538 0
6970 0.854591 0
6975 0.849404 0
6980 0.84478 0
6985 0.839188 0
6990 0.833494 0
6995 0.828299 0
7000 0.825737 0
7005 0.823381 0
7010 0.821115 0
7015 0.818514 0
7020 0.818836 0
7025 0.818978 0
7030 0.819172 0
7035 0.81915 0
7040 0.820418 0
7045 0.820877 0
7050 0.822969 0
7055 0.823048 0
7060 0.82547 0
7065 0.825867 0
7070 0.825459 0
7075 0.826809 0
7080 0.827077 0
7085 0.829428 0
7090 0.828796 0
7095 0.83007 0
7100 0.831483 0
7105 0.832687 0
7110 0.832612 0
7115 0.834433 0
7120 0.834621 0
7125 0.836291 0
7130 0.836659 0
7135 0.839492 0
7140 0.838937 0
7145 0.841409 0
7150 0.840497 0
7155 0.840065 0
7160 0.83837 0
7165 0.839279 0
7170 0.836334 0
7175 0.83446 0
7180 0.831224 0
7185 0.829089 0
7190 0.824981 0
7195 0.821312 0
7200 0.819477 0
7205 0.816691 0
7210 0.813647 0
7215 0.810681 0
7220 0.80818 0
7225 0.805483 0
7230 0.802576 0
7235 0.799629 0
7240 0.796161 0
7245 0.792542 0
7250 0.78957 0
7255 0.786811 0
7260 0.784447 0
7265 0.783474 0
7270 0.780409 0
7275 0.777626 0
7280 0.774266 0
7285 0.76979 0
7290 0.765112 0
7295 0.761545 0
7300 0.759317 0
7305 0.756258 0
7310 0.753426 0
7315 0.751127 0
7320 0.751169 0
7325 0.753503 0
7330 0.754994 0
7335 0.758416 0
7340 0.759751 0
7345 0.761236 0
7350 0.764423 0
7355 0.765936 0
7360 0.768537 0
7365 0.770672 0
7370 0.770245 0
7375 0.773621 0
7380 0.774905 0
7385 0.778639 0
7390 0.77886 0
7395 0.781146 0
7400 0.78303 0
7405 0.785625 0
7410 0.787371 0
7415 0.787905 0
7420 0.79053 0
7425 0.7924 0
7430 0.792919 0
7435 0.794931 0
7440 0.79755 0
7445 0.796725 0
7450 0.799634 0
7455 0.798495 0
7460 0.800474 0
7465 0.799867 0
7470 0.800442 0
7475 0.802587 0
7480 0.801956 0
7485 0.800739 0
7490 0.799794 0
7495 0.801214 0
7500 0.799716 0
7505 0.79819 0
7510 0.796783 0
7515 0.794993 0
7520 0.793707 0
7525 0.79191 0
7530 0.78991 0
7535 0.787611 0
7540 0.785823 0
7545 0.783637 0
7550 0.781386 0
7555 0.779705 0
7560 0.777608 0
7565 0.775347 0
7570 0.773223 0
7575 0.770568 0
7580 0.767555 0
7585 0.764979 0
7590 0.761498 0
7595 0.757771 0
7600 0.754234 0
7605 0.749886 0
7610 0.745919 0
7615 0.741006 0
7620 0.735385 0
7625 0.731238 0
7630 0.728527 0
7635 0.725563 0
7640 0.721781 0
7645 0.718665 0
7650 0.716649 0
7655 0.71545 0
7660 0.714777 0
7665 0.713029 0
7670 0.710042 0
7675 0.709173 0
7680 0.707141 0
7685 0.704099 0
7690 0.701008 0
7695 0.698862 0
7700 0.695498 0
7705 0.690536 0
7710 0.68674 0
7715 0.681455 0
7720 0.675578 0
7725 0.669146 0
7730 0.663028 0
7735 0.658256 0
7740 0.656685 0
7745 0.657847 0
7750 0.657452 0
7755 0.658804 0
7760 0.658988 0
7765 0.657214 0
7770 0.655764 0
7775 0.655834 0
7780 0.653855 0
7785 0.655328 0
7790 0.655712 0
7795 0.657236 0
7800 0.657896 0
7805 0.658156 0
7810 0.659023 0
7815 0.65988 0
7820 0.660482 0
7825 0.660655 0
7830 0.660982 0
7835 0.663198 0
7840 0.666284 0
7845 0.666456 0
7850 0.66858 0
7855 0.67103 0
7860 0.672961 0
7865 0.672416 0
7870 0.675043 0
7875 0.675619 0
7880 0.677722 0
7885 0.681121 0
7890 0.684505 0
7895 0.687228 0
7900 0.688632 0
7905 0.690987 0
7910 0.692218 0
7915 0.693762 0
7920 0.695568 0
7925 0.698392 0
7930 0.698072 0
7935 0.697431 0
7940 0.697183 0
7945 0.696734 0
7950 0.697645 0
7955 0.696074 0
7960 0.693244 0
7965 0.691246 0
7970 0.689053 0
7975 0.686146 0
7980 0.680881 0
7985 0.677982 0
7990 0.673586 0
7995 0.668545 0
8000 0.66352 0
8005 0.658577 0
8010 0.656373 0
8015 0.655979 0
8020 0.655612 0
8025 0.654982 0
8030 0.654361 0
8035 0.652505 0
8040 0.653268 0
8045 0.652687 0
8050 0.651926 0
8055 0.649571 0
8060 0.650227 0
8065 0.648326 0
8070 0.649178 0
8075 0.646928 0
8080 0.645309 0
8085 0.646396 0
8090 0.64472 0
8095 0.643364 0
8100 0.642055 0
8105 0.640669 0
8110 0.637126 0
8115 0.637078 0
8120 0.638159 0
8125 0.63871 0
8130 0.637521 0
8135 0.638873 0
8140 0.639813 0
8145 0.638835 0
8150 0.64026 0
8155 0.637818 0
8160 0.636682 0
8165 0.637632 0
8170 0.636417 0
8175 0.63981 0
8180 0.639285 0
8185 0.639407 0
8190 0.638983 0
8195 0.63858 0
8200 0.641013 0
8205 0.640371 0
8210 0.6401 0
8215 0.638946 0
8220 0.638702 0
8225 0.638942 0
8230 0.636906 0
8235 0.636203 0
8240 0.636678 0
8245 0.635416 0
8250 0.63565 0
8255 0.634687 0
8260 0.634886 0
8265 0.634581 0
8270 0.634686 0
8275 0.634144 0
8280 0.632333 0
8285 0.632553 0
8290 0.632059 0
8295 0.630287 0
8300 0.630136 0
8305 0.631207 0
8310 0.630011 0
8315 0.630409 0
8320 0.629297 0
8325 0.628133 0
8330 0.627737 0
8335 0.62616 0
8340 0.624995 0
8345 0.623997 0
8350 0.622381 0
8355 0.620151 0
8360 0.617941 0
8365 0.618121 0
8370 0.615657 0
8375 0.613923 0
8380 0.612113 0
8385 0.609769 0
8390 0.607662 0
8395 0.605803 0
8400 0.603787 0
8405 0.601331 0
8410 0.598984 0
8415 0.596143 0
8420 0.592772 0
8425 0.589198 0
8430 0.585265 0
8435 0.58095 0
8440 0.57778 0
8445 0.574105 0
8450 0.570505 0
8455 0.56625 0
8460 0.562884 0
8465 0.5623 0
8470 0.562462 0
8475 0.562757 0
8480 0.561928 0
8485 0.56086 0
8490 0.56201 0
8495 0.561537 0
8500 0.561964 0
8505 0.560003 0
8510 0.560651 0
8515 0.560731 0
8520 0.559678 0
8525 0.55864 0
8530 0.559081 0
8535 0.558961 0
8540 0.557942 0
8545 0.557043 0
8550 0.555402 0
8555 0.554831 0
8560 0.554093 0
8565 0.553524 0
8570 0.554035 0
8575 0.552633 0
8580 0.55179 0
8585 0.552178 0
8590 0.549219 0
8595 0.549254 0
8600 0.548494 0
8605 0.548659 0
8610 0.547102 0
8615 0.547999 0
8620 0.545942 0
8625 0.546044 0
8630 0.544504 0
8635 0.545244 0
8640 0.547457 0
8645 0.547187 0
8650 0.548014 0
8655 0.548691 0
8660 0.550194 0
8665 0.55037 0
8670 0.550533 0
8675 0.550273 0
8680 0.551422 0
8685 0.54964 0
8690 0.550492 0
8695 0.548823 0
8700 0.548679 0
8705 0.548149 0
8710 0.548915 0
8715 0.549529 0
8720 0.548601 0
8725 0.548269 0
8730 0.547152 0
8735 0.545992 0
8740 0.545647 0
8745 0.545141 0
8750 0.54455 0
8755 0.541709 0
8760 0.540803 0
8765 0.542026 0
8770 0.540519 0
8775 0.540256 0
8780 0.539796 0
8785 0.541339 0
8790 0.541339 0
8795 0.541151 0
8800 0.542638 0
8805 0.541778 0
8810 0.541849 0
8815 0.54254 0
8820 0.542255 0
8825 0.541483 0
8830 0.540971 0
8835 0.540636 0
8840 0.540366 0
8845 0.539815 0
8850 0.53917 0
8855 0.539486 0
8860 0.539267 0
8865 0.539576 0
8870 0.539128 0
8875 0.539257 0
8880 0.538306 0
8885 0.538621 0
8890 0.538743 0
8895 0.538928 0
8900 0.539185 0
8905 0.53797 0
8910 0.538418 0
8915 0.537359 0
8920 0.537689 0
8925 0.537548 0
8930 0.537411 0
8935 0.536668 0
8940 0.536547 0
8945 0.536876 0
8950 0.536484 0
8955 0.535903 0
8960 0.534971 0
8965 0.534659 0
8970 0.534723 0
8975 0.534009 0
8980 0.533758 0
8985 0.532756 0
8990 0.532833 0
8995 0.531812 0
9000 0.531453 0
9005 0.529993 0
9010 0.529014 0
9015 0.5281 0
9020 0.527173 0
9025 0.526362 0
9030 0.525687 0
9035 0.525211 0
9040 0.524126 0
9045 0.523294 0
9050 0.522181 0
9055 0.521205 0
9060 0.52063 0
9065 0.519565 0
9070 0.518399 0
9075 0.517506 0
9080 0.516331 0
9085 0.515417 0
9090 0.514436 0
9095 0.513063 0
9100 0.512004 0
9105 0.510866 0
9110 0.509746 0
9115 0.508914 0
9120 0.507977 0
9125 0.507315 0
9130 0.506287 0
9135 0.505137 0
9140 0.504193 0
9145 0.503199 0
9150 0.501728 0
9155 0.50077 0
9160 0.500053 0
9165 0.499253 0
9170 0.498812 0
9175 0.498002 0
9180 0.497877 0
9185 0.496899 0
9190 0.496273 0
9195 0.495932 0
9200 0.495559 0
9205 0.494682 0
9210 0.494512 0
9215 0.494108 0
9220 0.493374 0
9225 0.493032 0
9230 0.492547 0
9235 0.492829 0
9240 0.492388 0
9245 0.4921 0
9250 0.491496 0
9255 0.491087 0
9260 0.490481 0
9265 0.490302 0
9270 0.489575 0
9275 0.489118 0
9280 0.488491 0
9285 0.488215 0
9290 0.487493 0
9295 0.486841 0
9300 0.486476 0
9305 0.485772 0
9310 0.485253 0
9315 0.484254 0
9320 0.483664 0
9325 0.48306 0
9330 0.482713 0
9335 0.481769 0
9340 0.481163 0
9345 0.480486 0
9350 0.479752 0
9355 0.47864 0
9360 0.477783 0
9365 0.476653 0
9370 0.475544 0
9375 0.474615 0
9380 0.473184 0
9385 0.47283 0
9390 0.471969 0
9395 0.471037 0
9400 0.470245 0
9405 0.469512 0
9410 0.468644 0
9415 0.468194 0
9420 0.46737 0
9425 0.466633 0
9430 0.465806 0
9435 0.464831 0
9440 0.46374 0
9445 0.462627 0
9450 0.461478 0
9455 0.460353 0
9460 0.459089 0
9465 0.457633 0
9470 0.456179 0
9475 0.454482 0
9480 0.453232 0
9485 0.452053 0
9490 0.45164 0
9495 0.45053 0
9500 0.449791 0
9505 0.449181 0
9510 0.448172 0
9515 0.447756 0
9520 0.4471 0
9525 0.446581 0
9530 0.445961 0
9535 0.445243 0
9540 0.44463 0
9545 0.444252 0
9550 0.44337 0
9555 0.4434 0
9560 0.442711 0
9565 0.442321 0
9570 0.441433 0
9575 0.441132 0
9580 0.440538 0
9585 0.43986 0
9590 0.43845 0
9595 0.43812 0
9600 0.437619 0
9605 0.437062 0
9610 0.436253 0
9615 0.43584 0
9620 0.435188 0
9625 0.434713 0
9630 0.434518 0
9635 0.434141 0
9640 0.434244 0
9645 0.434018 0
9650 0.433773 0
9655 0.434105 0
9660 0.43418 0
9665 0.435054 0
9670 0.434903 0
9675 0.434808 0
9680 0.435404 0
9685 0.43537 0
9690 0.435763 0
9695 0.435662 0
9700 0.435756 0
9705 0.436489 0
9710 0.436628 0
9715 0.43646 0
9720 0.436788 0
9725 0.436549 0
9730 0.436519 0
9735 0.436815 0
9740 0.437003 0
9745 0.436116 0
9750 0.436537 0
9755 0.436159 0
9760 0.436354 0
9765 0.435584 0
9770 0.435535 0
9775 0.435306 0
9780 0.435325 0
9785 0.434925 0
9790 0.434403 0
9795 0.434499 0
9800 0.433797 0
9805 0.433214 0
9810 0.433104 0
9815 0.43254 0
9820 0.43223 0
9825 0.431384 0
9830 0.430705 0
9835 0.429998 0
9840 0.429665 0
9845 0.428697 0
9850 0.427614 0
9855 0.426428 0
9860 0.425354 0
9865 0.424439 0
9870 0.423007 0
9875 0.42159 0
9880 0.420503 0
9885 0.419588 0
9890 0.418625 0
9895 0.417437 0
9900 0.416309 0
9905 0.415054 0
9910 0.413641 0
9915 0.412271 0
9920 0.410649 0
9925 0.409244 0
9930 0.40761 0
9935 0.406629 0
9940 0.405087 0
9945 0.403849 0
9950 0.402989 0
9955 0.402775 0
9960 0.402226 0
9965 0.401903 0
9970 0.401452 0
9975 0.401117 0
9980 0.400203 0
9985 0.400076 0
9990 0.399618 0
9995 0.399471 0
10000 0.39897 0

