3300 0.251977 0
3305 0.285664 0
3310 0.316391 0
3315 0.340978 0
3320 0.356323 0
3325 0.360829 0
3330 0.35695 0
3335 0.349572 0
3340 0.342138 0
3345 0.335737 0
3350 0.330804 0
3355 0.326462 0
3360 0.321157 0
3365 0.314229 0
3370 0.305992 0
3375 0.297112 0
3380 0.288737 0
3385 0.282595 0
3390 0.280476 0
3395 0.283713 0
3400 0.292817 0
3405 0.307175 0
3410 0.325268 0
3415 0.345673 0
3420 0.368375 0
3425 0.394976 0
3430 0.429014 0
3435 0.475026 0
3440 0.532542 0
3445 0.606582 0
3450 0.671299 0
3455 0.716182 0
3460 0.743818 0
3465 0.755078 0
3470 0.753382 0
3475 0.749281 0
3480 0.74148 0
3485 0.731019 0
3490 0.715179 0
3495 0.698842 0
3500 0.691229 0
3505 0.692639 0
3510 0.676474 0
3515 0.646108 0
3520 0.603371 0
3525 0.558494 0
3530 0.510728 0
3535 0.46393 0
3540 0.417912 0
3545 0.37412 0
3550 0.336235 0
3555 0.306137 0
3560 0.285853 0
3565 0.27492 0
3570 0.273274 0
3575 0.277761 0
3580 0.284226 0
3585 0.288835 0
3590 0.289412 0
3595 0.284816 0
3600 0.274711 0
3605 0.261534 0
3610 0.24797 0
3615 0.23669 0
3620 0.229381 0
3625 0.227054 0
3630 0.230842 0
3635 0.242118 0
3640 0.262241 0
3645 0.292376 0
3650 0.333298 0
3655 0.385487 0
3660 0.448889 0
3665 0.526531 0
3670 0.598851 0
3675 0.662875 0
3680 0.72956 0
3685 0.787433 0
3690 0.840562 0
3695 0.888653 0
3700 0.925388 0
3705 0.952829 0
3710 0.972201 0
3715 1.00085 0
3720 1.05385 0
3725 1.09483 0
3730 1.11955 0
3735 1.13503 0
3740 1.16297 0
3745 1.17325 0
3750 1.16354 0
3755 1.13885 0
3760 1.09177 0
3765 1.0205 0
3770 0.949045 0
3775 0.867013 0
3780 0.795586 0
3785 0.730906 0
3790 0.676454 0
3795 0.638345 0
3800 0.613554 0
3805 0.613771 0
3810 0.632286 0
3815 0.687852 0
3820 0.750663 0
3825 0.815093 0
3830 0.894418 0
3835 0.971419 0
3840 1.05487 0
3845 1.11965 0
3850 1.18917 0
3855 1.24372 0
3860 1.2923 0
3865 1.33181 0
3870 1.34903 0
3875 1.35483 0
3880 1.3611 0
3885 1.34555 0
3890 1.32191 0
3895 1.2832 0
3900 1.22739 0
3905 1.16751 0
3910 1.11052 0
3915 1.05822 0
3920 1.0166 0
3925 0.99858 0
3930 1.00043 0
3935 0.994707 0
3940 0.987819 0
3945 0.980719 0
3950 0.997901 0
3955 1.03521 0
3960 1.07344 0
3965 1.12159 0
3970 1.17081 0
3975 1.21672 0
3980 1.25342 0
3985 1.29065 0
3990 1.32093 0
3995 1.34435 0
4000 1.35502 0
4005 1.34657 0
4010 1.33767 0
4015 1.30449 0
4020 1.26795 0
4025 1.23478 0
4030 1.18148 0
4035 1.12062 0
4040 1.04147 0
4045 0.965253 0
4050 0.884873 0
4055 0.819133 0
4060 0.772374 0
4065 0.756584 0
4070 0.768103 0
4075 0.784197 0
4080 0.822248 0
4085 0.874587 0
4090 0.929131 0
4095 0.981902 0
4100 1.03646 0
4105 1.07953 0
4110 1.11932 0
4115 1.15059 0
4120 1.17845 0
4125 1.19403 0
4130 1.1923 0
4135 1.1732 0
4140 1.14131 0
4145 1.08558 0
4150 1.01554 0
4155 0.932278 0
4160 0.849587 0
4165 0.767477 0
4170 0.692211 0
4175 0.628738 0
4180 0.573468 0
4185 0.529475 0
4190 0.498663 0
4195 0.480857 0
4200 0.476553 0
4205 0.48249 0
4210 0.492312 0
4215 0.506334 0
4220 0.526876 0
4225 0.554167 0
4230 0.593148 0
4235 0.622391 0
4240 0.637632 0
4245 0.639659 0
4250 0.632585 0
4255 0.618582 0
4260 0.602822 0
4265 0.591847 0
4270 0.582495 0
4275 0.576231 0
4280 0.571333 0
4285 0.570538 0
4290 0.567467 0
4295 0.561029 0
4300 0.552408 0
4305 0.542865 0
4310 0.532997 0
4315 0.524236 0
4320 0.517207 0
4325 0.512937 0
4330 0.512027 0
4335 0.51581 0
4340 0.52423 0
4345 0.535475 0
4350 0.548029 0
4355 0.561295 0
4360 0.564542 0
4365 0.561502 0
4370 0.554956 0
4375 0.547422 0
4380 0.537645 0
4385 0.525626 0
4390 0.512773 0
4395 0.496946 0
4400 0.480671 0
4405 0.467252 0
4410 0.456883 0
4415 0.449965 0
4420 0.447159 0
4425 0.44908 0
4430 0.457626 0
4435 0.475037 0
4440 0.503345 0
4445 0.544512 0
4450 0.599636 0
4455 0.672082 0
4460 0.741993 0
4465 0.812356 0
4470 0.88534 0
4475 0.963232 0
4480 1.03644 0
4485 1.10562 0
4490 1.16667 0
4495 1.22369 0
4500 1.27291 0
4505 1.30881 0
4510 1.34672 0
4515 1.38817 0
4520 1.42609 0
4525 1.45924 0
4530 1.48251 0
4535 1.50552 0
4540 1.53363 0
4545 1.56342 0
4550 1.58398 0
4555 1.59804 0
4560 1.61793 0
4565 1.63043 0
4570 1.63477 0
4575 1.63607 0
4580 1.63434 0
4585 1.62776 0
4590 1.62304 0
4595 1.61059 0
4600 1.60432 0
4605 1.59116 0
4610 1.57188 0
4615 1.54755 0
4620 1.52051 0
4625 1.48707 0
4630 1.44169 0
4635 1.39383 0
4640 1.34583 0
4645 1.29798 0
4650 1.24459 0
4655 1.18422 0
4660 1.14373 0
4665 1.10071 0
4670 1.05764 0
4675 1.01346 0
4680 0.993417 0
4685 1.00822 0
4690 1.01684 0
4695 1.03694 0
4700 1.04399 0
4705 1.06332 0
4710 1.08103 0
4715 1.08345 0
4720 1.08526 0
4725 1.09616 0
4730 1.11198 0
4735 1.12821 0
4740 1.13687 0
4745 1.15109 0
4750 1.17398 0
4755 1.19571 0
4760 1.21118 0
4765 1.22017 0
4770 1.22437 0
4775 1.21398 0
4780 1.2072 0
4785 1.21127 0
4790 1.23934 0
4795 1.25954 0
4800 1.2694 0
4805 1.29024 0
4810 1.30334 0
4815 1.32414 0
4820 1.33132 0
4825 1.33947 0
4830 1.34567 0
4835 1.35528 0
4840 1.36769 0
4845 1.36064 0
4850 1.3691 0
4855 1.3602 0
4860 1.35264 0
4865 1.33747 0
4870 1.32029 0
4875 1.28766 0
4880 1.27342 0
4885 1.28495 0
4890 1.28688 0
4895 1.28235 0
4900 1.29288 0
4905 1.29285 0
4910 1.28846 0
4915 1.27691 0
4920 1.2645 0
4925 1.25041 0
4930 1.23556 0
4935 1.22096 0
4940 1.20944 0
4945 1.21769 0
4950 1.21667 0
4955 1.21585 0
4960 1.21506 0
4965 1.21071 0
4970 1.20446 0
4975 1.19196 0
4980 1.1705 0
4985 1.14754 0
4990 1.1107 0
4995 1.08928 0
5000 1.08711 0
5005 1.07095 0
5010 1.04768 0
5015 1.02346 0
5020 0.996715 0
5025 0.973428 0
5030 0.940657 0
5035 0.908731 0
5040 0.868723 0
5045 0.824175 0
5050 0.790147 0
5055 0.777663 0
5060 0.777425 0
5065 0.769918 0
5070 0.766074 0
5075 0.763901 0
5080 0.762842 0
5085 0.768713 0
5090 0.783478 0
5095 0.819763 0
5100 0.862239 0
5105 0.894573 0
5110 0.931754 0
5115 0.959804 0
5120 0.992932 0
5125 1.02324 0
5130 1.05515 0
5135 1.09487 0
5140 1.13755 0
5145 1.16822 0
5150 1.20328 0
5155 1.23295 0
5160 1.26506 0
5165 1.28547 0
5170 1.30324 0
5175 1.31673 0
5180 1.31644 0
5185 1.32367 0
5190 1.32389 0
5195 1.30889 0
5200 1.31618 0
5205 1.31927 0
5210 1.32958 0
5215 1.33345 0
5220 1.3281 0
5225 1.32245 0
5230 1.31253 0
5235 1.29424 0
5240 1.27872 0
5245 1.26764 0
5250 1.2584 0
5255 1.24972 0
5260 1.23953 0
5265 1.22736 0
5270 1.22391 0
5275 1.20933 0
5280 1.21641 0
5285 1.22118 0
5290 1.21975 0
5295 1.22582 0
5300 1.23922 0
5305 1.2418 0
5310 1.25025 0
5315 1.25595 0
5320 1.2624 0
5325 1.27409 0
5330 1.27528 0
5335 1.28259 0
5340 1.28225 0
5345 1.29156 0
5350 1.30014 0
5355 1.30475 0
5360 1.31205 0
5365 1.32087 0
5370 1.32352 0
5375 1.32913 0
5380 1.33795 0
5385 1.33719 0
5390 1.34305 0
5395 1.34256 0
5400 1.34094 0
5405 1.34527 0
5410 1.34324 0
5415 1.34163 0
5420 1.33867 0
5425 1.33627 0
5430 1.3332 0
5435 1.32959 0
5440 1.32526 0
5445 1.3211 0
5450 1.3184 0
5455 1.31369 0
5460 1.31011 0
5465 1.30627 0
5470 1.30153 0
5475 1.29856 0
5480 1.295 0
5485 1.29069 0
5490 1.28676 0
5495 1.28276 0
5500 1.27904 0
5505 1.27529 0
5510 1.27198 0
5515 1.26865 0
5520 1.26544 0
5525 1.2624 0
5530 1.25952 0
5535 1.25695 0
5540 1.25451 0
5545 1.25214 0
5550 1.24988 0
5555 1.24768 0
5560 1.24574 0
5565 1.24382 0
5570 1.24197 0
5575 1.24024 0
5580 1.2387 0
5585 1.23713 0
5590 1.23574 0
5595 1.2343 0
5600 1.23289 0
5605 1.23133 0
5610 1.23005 0
5615 1.2286 0
5620 1.22707 0
5625 1.22556 0
5630 1.22385 0
5635 1.22202 0
5640 1.22039 0
5645 1.21872 0
5650 1.21705 0
5655 1.21531 0
5660 1.21336 0
5665 1.21134 0
5670 1.20909 0
5675 1.20671 0
5680 1.20442 0
5685 1.20168 0
5690 1.19886 0
5695 1.19584 0
5700 1.19241 0
5705 1.18867 0
5710 1.18448 0
5715 1.18008 0
5720 1.17553 0
5725 1.17059 0
5730 1.16535 0
5735 1.15987 0
5740 1.15394 0
5745 1.14719 0
5750 1.1389 0
5755 1.12997 0
5760 1.12077 0
5765 1.10974 0
5770 1.09877 0
5775 1.08837 0
5780 1.07832 0
5785 1.0683 0
5790 1.06021 0
5795 1.04912 0
5800 1.03851 0
5805 1.02587 0
5810 1.01078 0
5815 0.996526 0
5820 0.981303 0
5825 0.965943 0
5830 0.948093 0
5835 0.931188 0
5840 0.919189 0
5845 0.908462 0
5850 0.900483 0
5855 0.894039 0
5860 0.895982 0
5865 0.895503 0
5870 0.895814 0
5875 0.897798 0
5880 0.898962 0
5885 0.905314 0
5890 0.909237 0
5895 0.921466 0
5900 0.929625 0
5905 0.935021 0
5910 0.945599 0
5915 0.955897 0
5920 0.973615 0
5925 0.989002 0
5930 1.00423 0
5935 1.01698 0
5940 1.03036 0
5945 1.04669 0
5950 1.06051 0
5955 1.07546 0
5960 1.09148 0
5965 1.10084 0
5970 1.11632 0
5975 1.12627 0
5980 1.13981 0
5985 1.1488 0
5990 1.15791 0
5995 1.16462 0
6000 1.17056 0
6005 1.17329 0
6010 1.17802 0
6015 1.18135 0
6020 1.18152 0
6025 1.18402 0
6030 1.18171 0
6035 1.18116 0
6040 1.17699 0
6045 1.17397 0
6050 1.17127 0
6055 1.16522 0
6060 1.1634 0
6065 1.15995 0
6070 1.15499 0
6075 1.15065 0
6080 1.14489 0
6085 1.13908 0
6090 1.13498 0
6095 1.13003 0
6100 1.1244 0
6105 1.1195 0
6110 1.11331 0
6115 1.10726 0
6120 1.10117 0
6125 1.09509 0
6130 1.08955 0
6135 1.08441 0
6140 1.08004 0
6145 1.0762 0
6150 1.07215 0
6155 1.0684 0
6160 1.06553 0
6165 1.06315 0
6170 1.06288 0
6175 1.06213 0
6180 1.06135 0
6185 1.06187 0
6190 1.06084 0
6195 1.06054 0
6200 1.06031 0
6205 1.06058 0
6210 1.06041 0
6215 1.06043 0
6220 1.05934 0
6225 1.05839 0
6230 1.05682 0
6235 1.05627 0
6240 1.05424 0
6245 1.05164 0
6250 1.0491 0
6255 1.04685 0
6260 1.04432 0
6265 1.04076 0
6270 1.03607 0
6275 1.03189 0
6280 1.02755 0
6285 1.02311 0
6290 1.01669 0
6295 1.01009 0
6300 1.00172 0
6305 0.992483 0
6310 0.982312 0
6315 0.96892 0
6320 0.955713 0
6325 0.947763 0
6330 0.943486 0
6335 0.939901 0
6340 0.935099 0
6345 0.932034 0
6350 0.931403 0
6355 0.927895 0
6360 0.928253 0
6365 0.926374 0
6370 0.923265 0
6375 0.918152 0
6380 0.916539 0
6385 0.91498 0
6390 0.914163 0
6395 0.916051 0
6400 0.917638 0
6405 0.920554 0
6410 0.920403 0
6415 0.919486 0
6420 0.92057 0
6425 0.921898 0
6430 0.9243 0
6435 0.927096 0
6440 0.936171 0
6445 0.944727 0
6450 0.951515 0
6455 0.95348 0
6460 0.960417 0
6465 0.965677 0
6470 0.971581 0
6475 0.977694 0
6480 0.979797 0
6485 0.983382 0
6490 0.983485 0
6495 0.987414 0
6500 0.985651 0
6505 0.98786 0
6510 0.99138 0
6515 0.992248 0
6520 0.992275 0
6525 0.993849 0
6530 0.993575 0
6535 0.99306 0
6540 0.994713 0
6545 0.992755 0
6550 0.995834 0
6555 0.994358 0
6560 0.996858 0
6565 0.995151 0
6570 0.996944 0
6575 0.993604 0
6580 0.992897 0
6585 0.991811 0
6590 0.98831 0
6595 0.982574 0
6600 0.977699 0
6605 0.971128 0
6610 0.966476 0
6615 0.963593 0
6620 0.960602 0
6625 0.955952 0
6630 0.951322 0
6635 0.945377 0
6640 0.939081 0
6645 0.931013 0
6650 0.926105 0
6655 0.924171 0
6660 0.925268 0
6665 0.921927 0
6670 0.921488 0
6675 0.918761 0
6680 0.91893 0
6685 0.916983 0
6690 0.915833 0
6695 0.91512 0
6700 0.915987 0
6705 0.913813 0
6710 0.912467 0
6715 0.911321 0
6720 0.910054 0
6725 0.909581 0
6730 0.909432 0
6735 0.90912 0
6740 0.90828 0
6745 0.906745 0
6750 0.905037 0
6755 0.903831 0
6760 0.903283 0
6765 0.901091 0
6770 0.898464 0
6775 0.893582 0
6780 0.890307 0
6785 0.884276 0
6790 0.881428 0
6795 0.874907 0
6800 0.866786 0
6805 0.8623 0
6810 0.854121 0
6815 0.846917 0
6820 0.845191 0
6825 0.846145 0
6830 0.847448 0
6835 0.849659 0
6840 0.851409 0
6845 0.85403 0
6850 0.855596 0
6855 0.860626 0
6860 0.858971 0
6865 0.863186 0
6870 0.867593 0
6875 0.866665 0
6880 0.872064 0
6885 0.873534 0
6890 0.876304 0
6895 0.882271 0
6900 0.884058 0
6905 0.888094 0
6910 0.890986 0
6915 0.891316 0
6920 0.89515 0
6925 0.900555 0
6930 0.904707 0
6935 0.904563 0
6940 0.908842 0
6945 0.910889 0
6950 0.914266 0
6955 0.915454 0
6960 0.918568 0
6965 0.918411 0
6970 0.917841 0
6975 0.916312 0
6980 0.917601 0
6985 0.914597 0
6990 0.910656 0
6995 0.906829 0
7000 0.901465 0
7005 0.894714 0
7010 0.887791 0
7015 0.87975 0
7020 0.871013 0
7025 0.8657 0
7030 0.863253 0
7035 0.860714 0
7040 0.857302 0
7045 0.856529 0
7050 0.852512 0
7055 0.850947 0
7060 0.847348 0
7065 0.844726 0
7070 0.840672 0
7075 0.837965 0
7080 0.832793 0
7085 0.8309 0
7090 0.825269 0
7095 0.819401 0
7100 0.813781 0
7105 0.809884 0
7110 0.804977 0
7115 0.80254 0
7120 0.797127 0
7125 0.795393 0
7130 0.795508 0
7135 0.796073 0
7140 0.793807 0
7145 0.79416 0
7150 0.794967 0
7155 0.792516 0
7160 0.791433 0
7165 0.790663 0
7170 0.791564 0
7175 0.798526 0
7180 0.799964 0
7185 0.80304 0
7190 0.807652 0
7195 0.810404 0
7200 0.812926 0
7205 0.816657 0
7210 0.819609 0
7215 0.82162 0
7220 0.823261 0
7225 0.825953 0
7230 0.828322 0
7235 0.829131 0
7240 0.832555 0
7245 0.833845 0
7250 0.837059 0
7255 0.837188 0
7260 0.841161 0
7265 0.842504 0
7270 0.841215 0
7275 0.843444 0
7280 0.8461 0
7285 0.846643 0
7290 0.844965 0
7295 0.846695 0
7300 0.844807 0
7305 0.844599 0
7310 0.842195 0
7315 0.839181 0
7320 0.837798 0
7325 0.833582 0
7330 0.829491 0
7335 0.827574 0
7340 0.82311 0
7345 0.817834 0
7350 0.812084 0
7355 0.805672 0
7360 0.798321 0
7365 0.790625 0
7370 0.783773 0
7375 0.779281 0
7380 0.777261 0
7385 0.775708 0
7390 0.773769 0
7395 0.770701 0
7400 0.769477 0
7405 0.767674 0
7410 0.765024 0
7415 0.762989 0
7420 0.761779 0
7425 0.759275 0
7430 0.757249 0
7435 0.755316 0
7440 0.752231 0
7445 0.751601 0
7450 0.748961 0
7455 0.747427 0
7460 0.745989 0
7465 0.744981 0
7470 0.742051 0
7475 0.741143 0
7480 0.740823 0
7485 0.741584 0
7490 0.739907 0
7495 0.740887 0
7500 0.740746 0
7505 0.740468 0
7510 0.740882 0
7515 0.741086 0
7520 0.742737 0
7525 0.744278 0
7530 0.744392 0
7535 0.745919 0
7540 0.745998 0
7545 0.74714 0
7550 0.747776 0
7555 0.748716 0
7560 0.748964 0
7565 0.747739 0
7570 0.747932 0
7575 0.746349 0
7580 0.744958 0
7585 0.743941 0
7590 0.741884 0
7595 0.739157 0
7600 0.736421 0
7605 0.733266 0
7610 0.729845 0
7615 0.72627 0
7620 0.723349 0
7625 0.721327 0
7630 0.719991 0
7635 0.716714 0
7640 0.715339 0
7645 0.714709 0
7650 0.713049 0
7655 0.712466 0
7660 0.712338 0
7665 0.710579 0
7670 0.709748 0
7675 0.70772 0
7680 0.707973 0
7685 0.706368 0
7690 0.704978 0
7695 0.705285 0
7700 0.70377 0
7705 0.702696 0
7710 0.702588 0
7715 0.701775 0
7720 0.700534 0
7725 0.700127 0
7730 0.698793 0
7735 0.697264 0
7740 0.694741 0
7745 0.693924 0
7750 0.692006 0
7755 0.69339 0
7760 0.694005 0
7765 0.695782 0
7770 0.697417 0
7775 0.698527 0
7780 0.701154 0
7785 0.702706 0
7790 0.705553 0
7795 0.706528 0
7800 0.709431 0
7805 0.711014 0
7810 0.712476 0
7815 0.714658 0
7820 0.716179 0
7825 0.717273 0
7830 0.718955 0
7835 0.71966 0
7840 0.721166 0
7845 0.72151 0
7850 0.722901 0
7855 0.723212 0
7860 0.723016 0
7865 0.723943 0
7870 0.724848 0
7875 0.723814 0
7880 0.725112 0
7885 0.726699 0
7890 0.726093 0
7895 0.726377 0
7900 0.726702 0
7905 0.72683 0
7910 0.727096 0
7915 0.726531 0
7920 0.726143 0
7925 0.725823 0
7930 0.726315 0
7935 0.724921 0
7940 0.724397 0
7945 0.722988 0
7950 0.722947 0
7955 0.721396 0
7960 0.719578 0
7965 0.718056 0
7970 0.716789 0
7975 0.715196 0
7980 0.713413 0
7985 0.711673 0
7990 0.710199 0
7995 0.70837 0
8000 0.706537 0
8005 0.704915 0
8010 0.702901 0
8015 0.700955 0
8020 0.699039 0
8025 0.697108 0
8030 0.695346 0
8035 0.693268 0
8040 0.691327 0
8045 0.68935 0
8050 0.687232 0
8055 0.685025 0
8060 0.682913 0
8065 0.680885 0
8070 0.678933 0
8075 0.677878 0
8080 0.676793 0
8085 0.675792 0
8090 0.674645 0
8095 0.673636 0
8100 0.672801 0
8105 0.671709 0
8110 0.670906 0
8115 0.669833 0
8120 0.668816 0
8125 0.668095 0
8130 0.667222 0
8135 0.666721 0
8140 0.665691 0
8145 0.664886 0
8150 0.664584 0
8155 0.663875 0
8160 0.663334 0
8165 0.662645 0
8170 0.662046 0
8175 0.661098 0
8180 0.66046 0
8185 0.659958 0
8190 0.65958 0
8195 0.658514 0
8200 0.658162 0
8205 0.657075 0
8210 0.656712 0
8215 0.655757 0
8220 0.655445 0
8225 0.654653 0
8230 0.654152 0
8235 0.653321 0
8240 0.65238 0
8245 0.652072 0
8250 0.651489 0
8255 0.650853 0
8260 0.65019 0
8265 0.649998 0
8270 0.64923 0
8275 0.648502 0
8280 0.647731 0
8285 0.646938 0
8290 0.646284 0
8295 0.645255 0
8300 0.644478 0
8305 0.643686 0
8310 0.642609 0
8315 0.64182 0
8320 0.640842 0
8325 0.639894 0
8330 0.638855 0
8335 0.637813 0
8340 0.636897 0
8345 0.635791 0
8350 0.634839 0
8355 0.633571 0
8360 0.632523 0
8365 0.631484 0
8370 0.630246 0
8375 0.629181 0
8380 0.628276 0
8385 0.627222 0
8390 0.6263 0
8395 0.625208 0
8400 0.624123 0
8405 0.623149 0
8410 0.622076 0
8415 0.62099 0
8420 0.619954 0
8425 0.618881 0
8430 0.61798 0
8435 0.616977 0
8440 0.616126 0
8445 0.615247 0
8450 0.614261 0
8455 0.61318 0
8460 0.612171 0
8465 0.611326 0
8470 0.610377 0
8475 0.609585 0
8480 0.608554 0
8485 0.607721 0
8490 0.606765 0
8495 0.606033 0
8500 0.605155 0
8505 0.604098 0
8510 0.60331 0
8515 0.602421 0
8520 0.601411 0
8525 0.60046 0
8530 0.599318 0
8535 0.598152 0
8540 0.597102 0
8545 0.595742 0
8550 0.594438 0
8555 0.593241 0
8560 0.592134 0
8565 0.590716 0
8570 0.589336 0
8575 0.587907 0
8580 0.586374 0
8585 0.584685 0
8590 0.582958 0
8595 0.581048 0
8600 0.579294 0
8605 0.578008 0
8610 0.577361 0
8615 0.576611 0
8620 0.575662 0
8625 0.574994 0
8630 0.574244 0
8635 0.573102 0
8640 0.572105 0
8645 0.570848 0
8650 0.569757 0
8655 0.568583 0
8660 0.566977 0
8665 0.565633 0
8670 0.563564 0
8675 0.561498 0
8680 0.560079 0
8685 0.557634 0
8690 0.555373 0
8695 0.553793 0
8700 0.552514 0
8705 0.550793 0
8710 0.548699 0
8715 0.547054 0
8720 0.545334 0
8725 0.543219 0
8730 0.54032 0
8735 0.537971 0
8740 0.535198 0
8745 0.533717 0
8750 0.533548 0
8755 0.533845 0
8760 0.533533 0
8765 0.533168 0
8770 0.532233 0
8775 0.533198 0
8780 0.53338 0
8785 0.533641 0
8790 0.533826 0
8795 0.534821 0
8800 0.534789 0
8805 0.536159 0
8810 0.5363 0
8815 0.536715 0
8820 0.538689 0
8825 0.538447 0
8830 0.539114 0
8835 0.539344 0
8840 0.540389 0
8845 0.540997 0
8850 0.540677 0
8855 0.541479 0
8860 0.543103 0
8865 0.544078 0
8870 0.54351 0
8875 0.545302 0
8880 0.546216 0
8885 0.545867 0
8890 0.546933 0
8895 0.546632 0
8900 0.548492 0
8905 0.548 0
8910 0.54791 0
8915 0.5488 0
8920 0.548699 0
8925 0.548198 0
8930 0.549362 0
8935 0.548736 0
8940 0.548122 0
8945 0.54745 0
8950 0.548075 0
8955 0.547087 0
8960 0.545763 0
8965 0.544373 0
8970 0.542796 0
8975 0.541071 0
8980 0.539292 0
8985 0.536958 0
8990 0.534714 0
8995 0.532201 0
9000 0.529371 0
9005 0.526269 0
9010 0.523714 0
9015 0.522256 0
9020 0.520635 0
9025 0.519262 0
9030 0.518225 0
9035 0.517217 0
9040 0.516765 0
9045 0.515968 0
9050 0.515175 0
9055 0.513723 0
9060 0.513477 0
9065 0.51306 0
9070 0.511624 0
9075 0.510735 0
9080 0.510769 0
9085 0.50971 0
9090 0.509216 0
9095 0.508331 0
9100 0.507614 0
9105 0.507024 0
9110 0.506316 0
9115 0.5058 0
9120 0.504209 0
9125 0.503725 0
9130 0.503119 0
9135 0.502608 0
9140 0.500949 0
9145 0.499952 0
9150 0.498376 0
9155 0.497961 0
9160 0.497507 0
9165 0.495353 0
9170 0.493588 0
9175 0.49238 0
9180 0.490552 0
9185 0.490579 0
9190 0.490893 0
9195 0.490497 0
9200 0.491247 0
9205 0.49157 0
9210 0.49115 0
9215 0.490805 0
9220 0.491097 0
9225 0.492175 0
9230 0.49219 0
9235 0.491625 0
9240 0.491947 0
9245 0.49196 0
9250 0.492517 0
9255 0.492178 0
9260 0.491789 0
9265 0.491534 0
9270 0.491222 0
9275 0.490975 0
9280 0.490839 0
9285 0.490642 0
9290 0.49056 0
9295 0.489083 0
9300 0.489048 0
9305 0.488869 0
9310 0.489023 0
9315 0.487591 0
9320 0.487406 0
9325 0.486166 0
9330 0.48597 0
9335 0.48431 0
9340 0.484232 0
9345 0.482502 0
9350 0.482014 0
9355 0.48006 0
9360 0.479212 0
9365 0.477037 0
9370 0.474586 0
9375 0.472102 0
9380 0.470981 0
9385 0.468616 0
9390 0.465983 0
9395 0.46322 0
9400 0.46157 0
9405 0.458756 0
9410 0.457602 0
9415 0.456121 0
9420 0.455156 0
9425 0.453835 0
9430 0.451935 0
9435 0.451223 0
9440 0.449676 0
9445 0.448312 0
9450 0.44619 0
9455 0.445389 0
9460 0.444345 0
9465 0.442345 0
9470 0.440445 0
9475 0.439485 0
9480 0.437751 0
9485 0.435515 0
9490 0.433768 0
9495 0.432786 0
9500 0.431657 0
9505 0.430457 0
9510 0.429372 0
9515 0.428421 0
9520 0.426178 0
9525 0.425156 0
9530 0.423831 0
9535 0.421178 0
9540 0.419869 0
9545 0.418474 0
9550 0.416438 0
9555 0.415028 0
9560 0.41281 0
9565 0.412042 0
9570 0.409697 0
9575 0.408922 0
9580 0.406629 0
9585 0.404756 0
9590 0.403589 0
9595 0.401678 0
9600 0.398922 0
9605 0.397814 0
9610 0.395672 0
9615 0.393273 0
9620 0.391243 0
9625 0.389377 0
9630 0.388614 0
9635 0.386562 0
9640 0.384409 0
9645 0.382377 0
9650 0.380863 0
9655 0.379564 0
9660 0.378508 0
9665 0.378242 0
9670 0.37627 0
9675 0.375803 0
9680 0.375138 0
9685 0.373393 0
9690 0.372936 0
9695 0.372816 0
9700 0.372886 0
9705 0.372536 0
9710 0.372841 0
9715 0.372834 0
9720 0.374136 0
9725 0.375666 0
9730 0.377921 0
9735 0.37969 0
9740 0.382478 0
9745 0.384081 0
9750 0.386709 0
9755 0.387782 0
9760 0.390894 0
9765 0.393167 0
9770 0.395239 0
9775 0.39831 0
9780 0.400525 0
9785 0.402742 0
9790 0.40494 0
9795 0.407922 0
9800 0.409953 0
9805 0.412406 0
9810 0.414164 0
9815 0.416607 0
9820 0.419073 0
9825 0.420632 0
9830 0.423035 0
9835 0.425133 0
9840 0.426141 0
9845 0.427915 0
9850 0.429692 0
9855 0.430703 0
9860 0.43233 0
9865 0.433581 0
9870 0.434112 0
9875 0.435954 0
9880 0.436684 0
9885 0.437988 0
9890 0.437932 0
9895 0.438631 0
9900 0.438933 0
9905 0.438995 0
9910 0.439267 0
9915 0.438654 0
9920 0.438215 0
9925 0.438289 0
9930 0.438265 0
9935 0.437679 0
9940 0.436526 0
9945 0.435793 0
9950 0.434268 0
9955 0.433681 0
9960 0.431846 0
9965 0.430298 0
9970 0.428006 0
9975 0.425857 0
9980 0.423307 0
9985 0.420586 0
9990 0.417585 0
9995 0.414813 0
10000 0.411699 0

