3300 1.13738 0
3305 1.14015 0
3310 1.14289 0
3315 1.14563 0
3320 1.14834 0
3325 1.15103 0
3330 1.15371 0
3335 1.15636 0
3340 1.15899 0
3345 1.1616 0
3350 1.16419 0
3355 1.16676 0
3360 1.16931 0
3365 1.17184 0
3370 1.17434 0
3375 1.17683 0
3380 1.17931 0
3385 1.18179 0
3390 1.18425 0
3395 1.1867 0
3400 1.18914 0
3405 1.19157 0
3410 1.19398 0
3415 1.19638 0
3420 1.19875 0
3425 1.20111 0
3430 1.20344 0
3435 1.20574 0
3440 1.20802 0
3445 1.21025 0
3450 1.21245 0
3455 1.21461 0
3460 1.21671 0
3465 1.21875 0
3470 1.22071 0
3475 1.22259 0
3480 1.22438 0
3485 1.22604 0
3490 1.22757 0
3495 1.22893 0
3500 1.2301 0
3505 1.23103 0
3510 1.2317 0
3515 1.23204 0
3520 1.232 0
3525 1.23151 0
3530 1.2305 0
3535 1.22889 0
3540 1.22658 0
3545 1.2235 0
3550 1.2196 0
3555 1.21512 0
3560 1.21098 0
3565 1.20729 0
3570 1.20425 0
3575 1.20181 0
3580 1.19944 0
3585 1.19797 0
3590 1.19703 0
3595 1.19739 0
3600 1.1975 0
3605 1.19851 0
3610 1.19952 0
3615 1.20113 0
3620 1.20361 0
3625 1.20597 0
3630 1.20876 0
3635 1.21127 0
3640 1.21547 0
3645 1.21941 0
3650 1.22234 0
3655 1.22727 0
3660 1.23137 0
3665 1.2345 0
3670 1.23606 0
3675 1.23822 0
3680 1.24399 0
3685 1.24646 0
3690 1.24755 0
3695 1.24823 0
3700 1.24886 0
3705 1.25501 0
3710 1.25911 0
3715 1.26169 0
3720 1.26196 0
3725 1.26295 0
3730 1.26025 0
3735 1.25643 0
3740 1.26281 0
3745 1.26809 0
3750 1.27029 0
3755 1.27345 0
3760 1.27393 0
3765 1.27371 0
3770 1.2719 0
3775 1.26735 0
3780 1.2648 0
3785 1.25972 0
3790 1.26881 0
3795 1.27823 0
3800 1.2869 0
3805 1.29297 0
3810 1.30039 0
3815 1.30557 0
3820 1.30505 0
3825 1.31042 0
3830 1.30932 0
3835 1.3075 0
3840 1.30082 0
3845 1.29668 0
3850 1.28724 0
3855 1.27645 0
3860 1.26473 0
3865 1.25419 0
3870 1.26274 0
3875 1.27817 0
3880 1.28664 0
3885 1.29489 0
3890 1.3059 0
3895 1.31456 0
3900 1.32495 0
3905 1.3313 0
3910 1.33857 0
3915 1.3465 0
3920 1.35492 0
3925 1.35739 0
3930 1.35942 0
3935 1.36694 0
3940 1.36082 0
3945 1.35942 0
3950 1.35626 0
3955 1.34459 0
3960 1.33676 0
3965 1.31993 0
3970 1.30036 0
3975 1.27808 0
3980 1.25332 0
3985 1.22666 0
3990 1.19927 0
3995 1.17626 0
4000 1.1889 0
4005 1.20779 0
4010 1.22262 0
4015 1.23791 0
4020 1.2587 0
4025 1.27666 0
4030 1.28999 0
4035 1.31481 0
4040 1.33363 0
4045 1.35458 0
4050 1.36772 0
4055 1.39161 0
4060 1.40653 0
4065 1.42183 0
4070 1.43712 0
4075 1.45213 0
4080 1.46666 0
4085 1.46964 0
4090 1.4822 0
4095 1.48281 0
4100 1.48201 0
4105 1.47969 0
4110 1.4758 0
4115 1.47031 0
4120 1.46323 0
4125 1.45467 0
4130 1.44483 0
4135 1.43375 0
4140 1.42151 0
4145 1.40784 0
4150 1.39274 0
4155 1.37609 0
4160 1.35776 0
4165 1.33759 0
4170 1.31539 0
4175 1.29101 0
4180 1.26429 0
4185 1.23512 0
4190 1.20349 0
4195 1.16948 0
4200 1.13334 0
4205 1.0956 0
4210 1.05708 0
4215 1.01905 0
4220 0.983569 0
4225 0.956818 0
4230 0.990063 0
4235 1.02384 0
4240 1.05724 0
4245 1.09127 0
4250 1.13336 0
4255 1.17058 0
4260 1.19986 0
4265 1.24624 0
4270 1.28252 0
4275 1.32128 0
4280 1.34721 0
4285 1.38904 0
4290 1.41654 0
4295 1.44411 0
4300 1.4714 0
4305 1.49803 0
4310 1.52382 0
4315 1.54876 0
4320 1.55537 0
4325 1.56089 0
4330 1.58092 0
4335 1.58272 0
4340 1.58279 0
4345 1.58116 0
4350 1.57788 0
4355 1.57308 0
4360 1.56685 0
4365 1.55978 0
4370 1.55187 0
4375 1.54381 0
4380 1.53535 0
4385 1.52665 0
4390 1.51791 0
4395 1.50919 0
4400 1.50065 0
4405 1.49236 0
4410 1.4844 0
4415 1.47683 0
4420 1.46969 0
4425 1.463 0
4430 1.4568 0
4435 1.45107 0
4440 1.44582 0
4445 1.44104 0
4450 1.4367 0
4455 1.43277 0
4460 1.42923 0
4465 1.42605 0
4470 1.42319 0
4475 1.42063 0
4480 1.41832 0
4485 1.41624 0
4490 1.41436 0
4495 1.41264 0
4500 1.41106 0
4505 1.4096 0
4510 1.40822 0
4515 1.4069 0
4520 1.40561 0
4525 1.40433 0
4530 1.40304 0
4535 1.40169 0
4540 1.40026 0
4545 1.39872 0
4550 1.39703 0
4555 1.39516 0
4560 1.39306 0
4565 1.3907 0
4570 1.38802 0
4575 1.38496 0
4580 1.38145 0
4585 1.37743 0
4590 1.3728 0
4595 1.36746 0
4600 1.36132 0
4605 1.35423 0
4610 1.34607 0
4615 1.33668 0
4620 1.32588 0
4625 1.3135 0
4630 1.29932 0
4635 1.28313 0
4640 1.26471 0
4645 1.24383 0
4650 1.22029 0
4655 1.19388 0
4660 1.16445 0
4665 1.13188 0
4670 1.09615 0
4675 1.05733 0
4680 1.01565 0
4685 0.971475 0
4690 0.925386 0
4695 0.878179 0
4700 0.830841 0
4705 0.784597 0
4710 0.740735 0
4715 0.70077 0
4720 0.666274 0
4725 0.638868 0
4730 0.620378 0
4735 0.616335 0
4740 0.67552 0
4745 0.741465 0
4750 0.80676 0
4755 0.871507 0
4760 0.944437 0
4765 1.00966 0
4770 1.06323 0
4775 1.13565 0
4780 1.19358 0
4785 1.25272 0
4790 1.29413 0
4795 1.35365 0
4800 1.39405 0
4805 1.4335 0
4810 1.49157 0
4815 1.52853 0
4820 1.54353 0
4825 1.57702 0
4830 1.60908 0
4835 1.61889 0
4840 1.64716 0
4845 1.6531 0
4850 1.67814 0
4855 1.68013 0
4860 1.6804 0
4865 1.67893 0
4870 1.67574 0
4875 1.67089 0
4880 1.66448 0
4885 1.65656 0
4890 1.64753 0
4895 1.63762 0
4900 1.62696 0
4905 1.61605 0
4910 1.60452 0
4915 1.59259 0
4920 1.58039 0
4925 1.56796 0
4930 1.55542 0
4935 1.5429 0
4940 1.53042 0
4945 1.51812 0
4950 1.50602 0
4955 1.49423 0
4960 1.48279 0
4965 1.47176 0
4970 1.46117 0
4975 1.4511 0
4980 1.44152 0
4985 1.43247 0
4990 1.42399 0
4995 1.41605 0
5000 1.40865 0
5005 1.40179 0
5010 1.39544 0
5015 1.38959 0
5020 1.38421 0
5025 1.37928 0
5030 1.37476 0
5035 1.37063 0
5040 1.36685 0
5045 1.3634 0
5050 1.36024 0
5055 1.35734 0
5060 1.35468 0
5065 1.35222 0
5070 1.34995 0
5075 1.34785 0
5080 1.34589 0
5085 1.34406 0
5090 1.34235 0
5095 1.34074 0
5100 1.33922 0
5105 1.33777 0
5110 1.3364 0
5115 1.33508 0
5120 1.33381 0
5125 1.33259 0
5130 1.3314 0
5135 1.33026 0
5140 1.32913 0
5145 1.32804 0
5150 1.32697 0
5155 1.32592 0
5160 1.32488 0
5165 1.32386 0
5170 1.32285 0
5175 1.32186 0
5180 1.32087 0
5185 1.31988 0
5190 1.31889 0
5195 1.3179 0
5200 1.31691 0
5205 1.31592 0
5210 1.31493 0
5215 1.31394 0
5220 1.31295 0
5225 1.31195 0
5230 1.31096 0
5235 1.30996 0
5240 1.30896 0
5245 1.30796 0
5250 1.30696 0
5255 1.30596 0
5260 1.30496 0
5265 1.30395 0
5270 1.30295 0
5275 1.30194 0
5280 1.30094 0
5285 1.29994 0
5290 1.29893 0
5295 1.29793 0
5300 1.29693 0
5305 1.29592 0
5310 1.29491 0
5315 1.2939 0
5320 1.29288 0
5325 1.29185 0
5330 1.29082 0
5335 1.28979 0
5340 1.28875 0
5345 1.28771 0
5350 1.28666 0
5355 1.28561 0
5360 1.28456 0
5365 1.2835 0
5370 1.28245 0
5375 1.28139 0
5380 1.28033 0
5385 1.27926 0
5390 1.2782 0
5395 1.27713 0
5400 1.27607 0
5405 1.275 0
5410 1.27394 0
5415 1.27287 0
5420 1.2718 0
5425 1.27074 0
5430 1.26967 0
5435 1.26861 0
5440 1.26754 0
5445 1.26646 0
5450 1.26538 0
5455 1.26429 0
5460 1.2632 0
5465 1.26211 0
5470 1.26101 0
5475 1.25991 0
5480 1.2588 0
5485 1.2577 0
5490 1.25659 0
5495 1.25548 0
5500 1.25437 0
5505 1.25325 0
5510 1.25214 0
5515 1.25102 0
5520 1.24991 0
5525 1.24879 0
5530 1.24767 0
5535 1.24656 0
5540 1.24544 0
5545 1.24432 0
5550 1.2432 0
5555 1.24209 0
5560 1.24098 0
5565 1.23985 0
5570 1.23873 0
5575 1.23759 0
5580 1.23645 0
5585 1.2353 0
5590 1.23415 0
5595 1.23299 0
5600 1.23183 0
5605 1.23066 0
5610 1.22949 0
5615 1.22831 0
5620 1.22713 0
5625 1.22595 0
5630 1.22477 0
5635 1.22358 0
5640 1.22239 0
5645 1.2212 0
5650 1.22 0
5655 1.21881 0
5660 1.21762 0
5665 1.21642 0
5670 1.21522 0
5675 1.21403 0
5680 1.21283 0
5685 1.21164 0
5690 1.21045 0
5695 1.20925 0
5700 1.20806 0
5705 1.20687 0
5710 1.20568 0
5715 1.2045 0
5720 1.20331 0
5725 1.20213 0
5730 1.20096 0
5735 1.19978 0
5740 1.19861 0
5745 1.19743 0
5750 1.19627 0
5755 1.1951 0
5760 1.19393 0
5765 1.19277 0
5770 1.19161 0
5775 1.19045 0
5780 1.1893 0
5785 1.18814 0
5790 1.18699 0
5795 1.18584 0
5800 1.18469 0
5805 1.18355 0
5810 1.1824 0
5815 1.18126 0
5820 1.18012 0
5825 1.17897 0
5830 1.17781 0
5835 1.17665 0
5840 1.17548 0
5845 1.1743 0
5850 1.17311 0
5855 1.17192 0
5860 1.17072 0
5865 1.16952 0
5870 1.16831 0
5875 1.1671 0
5880 1.16588 0
5885 1.16466 0
5890 1.16343 0
5895 1.1622 0
5900 1.16097 0
5905 1.15973 0
5910 1.15849 0
5915 1.15725 0
5920 1.156 0
5925 1.15476 0
5930 1.1535 0
5935 1.15225 0
5940 1.15099 0
5945 1.14973 0
5950 1.14846 0
5955 1.14719 0
5960 1.14591 0
5965 1.14463 0
5970 1.14335 0
5975 1.14205 0
5980 1.14075 0
5985 1.13944 0
5990 1.13812 0
5995 1.13679 0
6000 1.13545 0
6005 1.13408 0
6010 1.1327 0
6015 1.1313 0
6020 1.12987 0
6025 1.12841 0
6030 1.12692 0
6035 1.12538 0
6040 1.12381 0
6045 1.12218 0
6050 1.1205 0
6055 1.11875 0
6060 1.11693 0
6065 1.11503 0
6070 1.11303 0
6075 1.11092 0
6080 1.10869 0
6085 1.1063 0
6090 1.10376 0
6095 1.10103 0
6100 1.0981 0
6105 1.09493 0
6110 1.0915 0
6115 1.08779 0
6120 1.08376 0
6125 1.07936 0
6130 1.07455 0
6135 1.06929 0
6140 1.06353 0
6145 1.05722 0
6150 1.05027 0
6155 1.04264 0
6160 1.03424 0
6165 1.025 0
6170 1.01484 0
6175 1.00367 0
6180 0.991379 0
6185 0.977872 0
6190 0.963066 0
6195 0.946869 0
6200 0.929162 0
6205 0.909849 0
6210 0.888846 0
6215 0.866118 0
6220 0.841591 0
6225 0.815231 0
6230 0.787056 0
6235 0.757098 0
6240 0.725467 0
6245 0.692326 0
6250 0.657873 0
6255 0.622318 0
6260 0.586085 0
6265 0.54958 0
6270 0.513216 0
6275 0.477514 0
6280 0.443067 0
6285 0.410376 0
6290 0.379983 0
6295 0.352431 0
6300 0.328039 0
6305 0.307181 0
6310 0.290092 0
6315 0.27678 0
6320 0.267292 0
6325 0.261464 0
6330 0.259069 0
6335 0.259901 0
6340 0.263602 0
6345 0.269908 0
6350 0.278535 0
6355 0.28918 0
6360 0.301674 0
6365 0.315813 0
6370 0.331497 0
6375 0.348706 0
6380 0.367504 0
6385 0.38825 0
6390 0.412489 0
6395 0.459498 0
6400 0.518255 0
6405 0.576093 0
6410 0.631984 0
6415 0.682364 0
6420 0.734256 0
6425 0.777218 0
6430 0.831101 0
6435 0.874632 0
6440 0.918259 0
6445 0.949212 0
6450 0.992369 0
6455 1.02225 0
6460 1.0648 0
6465 1.09346 0
6470 1.12142 0
6475 1.14866 0
6480 1.17517 0
6485 1.20096 0
6490 1.22601 0
6495 1.25045 0
6500 1.2744 0
6505 1.28189 0
6510 1.30406 0
6515 1.31011 0
6520 1.33066 0
6525 1.335 0
6530 1.35421 0
6535 1.35671 0
6540 1.35869 0
6545 1.37573 0
6550 1.37593 0
6555 1.37543 0
6560 1.37421 0
6565 1.37229 0
6570 1.36965 0
6575 1.36633 0
6580 1.36232 0
6585 1.35766 0
6590 1.35238 0
6595 1.34649 0
6600 1.34015 0
6605 1.33348 0
6610 1.32638 0
6615 1.31907 0
6620 1.31166 0
6625 1.30396 0
6630 1.29602 0
6635 1.28789 0
6640 1.27963 0
6645 1.27124 0
6650 1.26274 0
6655 1.25414 0
6660 1.2455 0
6665 1.23681 0
6670 1.22808 0
6675 1.21937 0
6680 1.21065 0
6685 1.20194 0
6690 1.19328 0
6695 1.18464 0
6700 1.17606 0
6705 1.16754 0
6710 1.15908 0
6715 1.15071 0
6720 1.14241 0
6725 1.13419 0
6730 1.12606 0
6735 1.11803 0
6740 1.11009 0
6745 1.10225 0
6750 1.09452 0
6755 1.0869 0
6760 1.0794 0
6765 1.072 0
6770 1.06474 0
6775 1.0576 0
6780 1.0506 0
6785 1.04374 0
6790 1.03704 0
6795 1.0305 0
6800 1.02413 0
6805 1.01792 0
6810 1.01191 0
6815 1.00609 0
6820 1.00047 0
6825 0.995044 0
6830 0.989827 0
6835 0.984823 0
6840 0.980027 0
6845 0.975442 0
6850 0.971062 0
6855 0.966885 0
6860 0.962902 0
6865 0.959111 0
6870 0.955501 0
6875 0.95207 0
6880 0.948808 0
6885 0.945707 0
6890 0.94276 0
6895 0.939955 0
6900 0.937288 0
6905 0.934746 0
6910 0.932323 0
6915 0.930009 0
6920 0.927799 0
6925 0.925683 0
6930 0.923654 0
6935 0.921706 0
6940 0.919832 0
6945 0.918026 0
6950 0.916282 0
6955 0.914597 0
6960 0.912963 0
6965 0.911376 0
6970 0.909834 0
6975 0.908331 0
6980 0.906866 0
6985 0.905433 0
6990 0.904031 0
6995 0.902656 0
7000 0.901306 0
7005 0.899981 0
7010 0.898676 0
7015 0.89739 0
7020 0.896121 0
7025 0.894869 0
7030 0.893632 0
7035 0.892409 0
7040 0.891199 0
7045 0.890001 0
7050 0.888813 0
7055 0.887635 0
7060 0.886466 0
7065 0.885306 0
7070 0.884154 0
7075 0.883008 0
7080 0.88187 0
7085 0.880738 0
7090 0.879611 0
7095 0.878491 0
7100 0.877375 0
7105 0.876264 0
7110 0.875155 0
7115 0.874048 0
7120 0.872941 0
7125 0.871835 0
7130 0.87073 0
7135 0.869625 0
7140 0.868522 0
7145 0.867418 0
7150 0.866316 0
7155 0.865214 0
7160 0.864113 0
7165 0.863012 0
7170 0.861913 0
7175 0.860813 0
7180 0.859715 0
7185 0.858617 0
7190 0.85752 0
7195 0.856425 0
7200 0.85533 0
7205 0.854236 0
7210 0.853143 0
7215 0.852051 0
7220 0.85096 0
7225 0.84987 0
7230 0.848782 0
7235 0.847695 0
7240 0.84661 0
7245 0.845525 0
7250 0.844443 0
7255 0.843362 0
7260 0.842282 0
7265 0.841204 0
7270 0.840129 0
7275 0.839055 0
7280 0.837982 0
7285 0.836911 0
7290 0.835843 0
7295 0.834777 0
7300 0.833713 0
7305 0.832651 0
7310 0.831591 0
7315 0.830533 0
7320 0.829478 0
7325 0.828424 0
7330 0.827373 0
7335 0.826324 0
7340 0.825277 0
7345 0.824232 0
7350 0.82319 0
7355 0.822149 0
7360 0.82111 0
7365 0.820073 0
7370 0.819035 0
7375 0.817997 0
7380 0.816958 0
7385 0.815919 0
7390 0.81488 0
7395 0.81384 0
7400 0.812801 0
7405 0.811761 0
7410 0.810722 0
7415 0.809682 0
7420 0.808643 0
7425 0.807604 0
7430 0.806565 0
7435 0.805527 0
7440 0.804489 0
7445 0.803452 0
7450 0.802416 0
7455 0.80138 0
7460 0.800345 0
7465 0.79931 0
7470 0.798277 0
7475 0.797244 0
7480 0.796213 0
7485 0.795183 0
7490 0.794153 0
7495 0.793125 0
7500 0.792098 0
7505 0.791073 0
7510 0.790048 0
7515 0.789026 0
7520 0.788005 0
7525 0.786985 0
7530 0.785967 0
7535 0.784951 0
7540 0.783936 0
7545 0.782922 0
7550 0.78191 0
7555 0.780901 0
7560 0.779893 0
7565 0.778887 0
7570 0.777884 0
7575 0.776882 0
7580 0.775882 0
7585 0.774884 0
7590 0.773888 0
7595 0.772894 0
7600 0.771902 0
7605 0.770911 0
7610 0.769923 0
7615 0.768936 0
7620 0.767952 0
7625 0.766967 0
7630 0.765983 0
7635 0.764998 0
7640 0.764013 0
7645 0.763028 0
7650 0.762043 0
7655 0.761058 0
7660 0.760073 0
7665 0.759088 0
7670 0.758103 0
7675 0.757119 0
7680 0.756134 0
7685 0.75515 0
7690 0.754167 0
7695 0.753183 0
7700 0.7522 0
7705 0.751217 0
7710 0.750235 0
7715 0.749253 0
7720 0.748271 0
7725 0.74729 0
7730 0.746309 0
7735 0.745329 0
7740 0.744349 0
7745 0.743369 0
7750 0.742389 0
7755 0.74141 0
7760 0.740431 0
7765 0.739452 0
7770 0.738473 0
7775 0.737494 0
7780 0.736516 0
7785 0.735536 0
7790 0.734557 0
7795 0.733578 0
7800 0.732598 0
7805 0.731616 0
7810 0.730634 0
7815 0.729651 0
7820 0.728666 0
7825 0.72768 0
7830 0.726692 0
7835 0.725702 0
7840 0.72471 0
7845 0.723714 0
7850 0.722716 0
7855 0.721713 0
7860 0.720706 0
7865 0.719694 0
7870 0.718677 0
7875 0.717654 0
7880 0.716623 0
7885 0.715584 0
7890 0.714534 0
7895 0.713474 0
7900 0.712403 0
7905 0.711319 0
7910 0.710221 0
7915 0.70911 0
7920 0.707982 0
7925 0.706839 0
7930 0.705677 0
7935 0.704495 0
7940 0.703294 0
7945 0.702069 0
7950 0.700822 0
7955 0.699549 0
7960 0.698249 0
7965 0.696921 0
7970 0.695562 0
7975 0.694172 0
7980 0.69275 0
7985 0.691292 0
7990 0.689801 0
7995 0.688275 0
8000 0.686731 0
8005 0.685173 0
8010 0.683656 0
8015 0.68216 0
8020 0.680688 0
8025 0.679213 0
8030 0.677779 0
8035 0.676354 0
8040 0.674985 0
8045 0.67361 0
8050 0.67228 0
8055 0.670899 0
8060 0.669636 0
8065 0.668349 0
8070 0.66717 0
8075 0.665997 0
8080 0.664804 0
8085 0.663757 0
8090 0.66262 0
8095 0.661522 0
8100 0.660489 0
8105 0.659565 0
8110 0.658523 0
8115 0.65762 0
8120 0.656686 0
8125 0.655721 0
8130 0.654881 0
8135 0.654115 0
8140 0.653336 0
8145 0.652497 0
8150 0.651869 0
8155 0.650998 0
8160 0.650372 0
8165 0.649654 0
8170 0.649045 0
8175 0.648461 0
8180 0.647653 0
8185 0.64702 0
8190 0.646295 0
8195 0.645611 0
8200 0.645171 0
8205 0.644338 0
8210 0.643819 0
8215 0.642942 0
8220 0.642462 0
8225 0.642063 0
8230 0.641264 0
8235 0.640594 0
8240 0.639935 0
8245 0.639373 0
8250 0.638984 0
8255 0.638313 0
8260 0.637676 0
8265 0.63715 0
8270 0.636289 0
8275 0.635591 0
8280 0.634548 0
8285 0.633877 0
8290 0.633398 0
8295 0.632627 0
8300 0.632017 0
8305 0.631085 0
8310 0.630296 0
8315 0.629486 0
8320 0.628396 0
8325 0.627582 0
8330 0.627057 0
8335 0.626382 0
8340 0.625574 0
8345 0.624897 0
8350 0.624039 0
8355 0.623173 0
8360 0.622067 0
8365 0.621408 0
8370 0.620117 0
8375 0.619176 0
8380 0.618881 0
8385 0.617751 0
8390 0.617424 0
8395 0.616674 0
8400 0.615836 0
8405 0.615035 0
8410 0.61407 0
8415 0.613285 0
8420 0.612116 0
8425 0.611207 0
8430 0.610152 0
8435 0.609383 0
8440 0.609002 0
8445 0.608582 0
8450 0.608077 0
8455 0.607256 0
8460 0.606743 0
8465 0.606292 0
8470 0.605391 0
8475 0.604775 0
8480 0.604131 0
8485 0.603007 0
8490 0.602127 0
8495 0.600989 0
8500 0.600174 0
8505 0.598984 0
8510 0.597845 0
8515 0.596766 0
8520 0.595771 0
8525 0.595887 0
8530 0.595315 0
8535 0.594928 0
8540 0.594763 0
8545 0.594088 0
8550 0.59339 0
8555 0.593139 0
8560 0.592606 0
8565 0.591717 0
8570 0.590859 0
8575 0.59072 0
8580 0.589458 0
8585 0.589017 0
8590 0.587736 0
8595 0.586448 0
8600 0.58554 0
8605 0.584211 0
8610 0.582869 0
8615 0.581916 0
8620 0.580551 0
8625 0.579225 0
8630 0.578172 0
8635 0.577885 0
8640 0.577781 0
8645 0.577743 0
8650 0.57709 0
8655 0.577075 0
8660 0.576277 0
8665 0.57605 0
8670 0.575376 0
8675 0.575265 0
8680 0.574686 0
8685 0.574155 0
8690 0.573633 0
8695 0.572595 0
8700 0.572082 0
8705 0.571031 0
8710 0.57056 0
8715 0.569506 0
8720 0.568435 0
8725 0.567865 0
8730 0.566124 0
8735 0.564977 0
8740 0.563799 0
8745 0.562592 0
8750 0.561363 0
8755 0.559439 0
8760 0.558145 0
8765 0.556851 0
8770 0.554867 0
8775 0.553664 0
8780 0.552633 0
8785 0.552923 0
8790 0.552832 0
8795 0.552368 0
8800 0.552785 0
8805 0.552183 0
8810 0.552242 0
8815 0.552571 0
8820 0.552299 0
8825 0.551467 0
8830 0.551337 0
8835 0.551288 0
8840 0.551276 0
8845 0.550589 0
8850 0.549929 0
8855 0.550065 0
8860 0.549445 0
8865 0.548838 0
8870 0.548236 0
8875 0.547635 0
8880 0.546186 0
8885 0.545564 0
8890 0.54493 0
8895 0.544278 0
8900 0.543617 0
8905 0.542023 0
8910 0.541293 0
8915 0.539636 0
8920 0.538828 0
8925 0.537998 0
8930 0.536185 0
8935 0.534341 0
8940 0.533354 0
8945 0.531392 0
8950 0.530307 0
8955 0.528222 0
8960 0.526103 0
8965 0.524884 0
8970 0.522688 0
8975 0.520504 0
8980 0.518473 0
8985 0.517863 0
8990 0.518948 0
8995 0.518986 0
9000 0.518883 0
9005 0.519051 0
9010 0.518776 0
9015 0.519404 0
9020 0.519458 0
9025 0.518798 0
9030 0.519083 0
9035 0.519499 0
9040 0.519082 0
9045 0.519723 0
9050 0.519443 0
9055 0.519226 0
9060 0.519068 0
9065 0.518975 0
9070 0.518936 0
9075 0.518951 0
9080 0.519014 0
9085 0.519134 0
9090 0.519299 0
9095 0.519502 0
9100 0.519749 0
9105 0.518782 0
9110 0.519057 0
9115 0.519374 0
9120 0.518423 0
9125 0.518745 0
9130 0.517785 0
9135 0.518101 0
9140 0.517112 0
9145 0.517406 0
9150 0.516356 0
9155 0.515292 0
9160 0.515484 0
9165 0.514317 0
9170 0.513123 0
9175 0.513178 0
9180 0.511846 0
9185 0.51045 0
9190 0.508997 0
9195 0.508791 0
9200 0.507169 0
9205 0.505462 0
9210 0.50367 0
9215 0.501788 0
9220 0.499814 0
9225 0.497743 0
9230 0.495578 0
9235 0.493314 0
9240 0.490952 0
9245 0.488496 0
9250 0.485941 0
9255 0.4833 0
9260 0.480572 0
9265 0.477768 0
9270 0.474897 0
9275 0.471992 0
9280 0.469067 0
9285 0.466172 0
9290 0.463477 0
9295 0.462494 0
9300 0.462751 0
9305 0.46295 0
9310 0.463007 0
9315 0.463464 0
9320 0.464332 0
9325 0.464521 0
9330 0.464943 0
9335 0.465592 0
9340 0.46522 0
9345 0.466243 0
9350 0.466153 0
9355 0.467548 0
9360 0.467716 0
9365 0.468009 0
9370 0.469916 0
9375 0.470455 0
9380 0.471095 0
9385 0.471837 0
9390 0.472676 0
9395 0.471963 0
9400 0.472953 0
9405 0.474029 0
9410 0.475182 0
9415 0.476422 0
9420 0.475956 0
9425 0.477282 0
9430 0.478696 0
9435 0.47832 0
9440 0.479796 0
9445 0.479463 0
9450 0.480993 0
9455 0.48068 0
9460 0.482252 0
9465 0.481931 0
9470 0.481631 0
9475 0.483187 0
9480 0.482832 0
9485 0.482484 0
9490 0.484008 0
9495 0.483586 0
9500 0.483133 0
9505 0.482661 0
9510 0.482157 0
9515 0.483506 0
9520 0.482897 0
9525 0.482243 0
9530 0.481542 0
9535 0.480792 0
9540 0.479991 0
9545 0.479138 0
9550 0.478232 0
9555 0.477272 0
9560 0.476259 0
9565 0.47519 0
9570 0.474067 0
9575 0.47289 0
9580 0.47166 0
9585 0.470374 0
9590 0.469037 0
9595 0.467662 0
9600 0.466244 0
9605 0.464776 0
9610 0.463259 0
9615 0.46171 0
9620 0.460127 0
9625 0.458499 0
9630 0.456822 0
9635 0.455094 0
9640 0.453321 0
9645 0.451497 0
9650 0.449626 0
9655 0.447702 0
9660 0.445725 0
9665 0.443688 0
9670 0.441597 0
9675 0.439443 0
9680 0.437231 0
9685 0.434951 0
9690 0.432605 0
9695 0.430187 0
9700 0.427701 0
9705 0.425137 0
9710 0.422502 0
9715 0.419784 0
9720 0.416994 0
9725 0.414123 0
9730 0.411176 0
9735 0.40815 0
9740 0.405053 0
9745 0.401884 0
9750 0.398655 0
9755 0.395365 0
9760 0.392036 0
9765 0.388674 0
9770 0.385306 0
9775 0.381963 0
9780 0.378699 0
9785 0.375723 0
9790 0.374377 0
9795 0.375738 0
9800 0.376724 0
9805 0.377561 0
9810 0.37897 0
9815 0.37961 0
9820 0.382015 0
9825 0.383394 0
9830 0.38508 0
9835 0.385341 0
9840 0.387543 0
9845 0.388176 0
9850 0.390881 0
9855 0.391853 0
9860 0.392982 0
9865 0.394257 0
9870 0.395674 0
9875 0.399407 0
9880 0.401115 0
9885 0.400668 0
9890 0.402581 0
9895 0.404607 0
9900 0.406731 0
9905 0.408955 0
9910 0.411298 0
9915 0.411229 0
9920 0.413673 0
9925 0.416228 0
9930 0.416265 0
9935 0.418899 0
9940 0.419005 0
9945 0.421705 0
9950 0.421836 0
9955 0.424598 0
9960 0.424723 0
9965 0.427534 0
9970 0.427629 0
9975 0.427749 0
9980 0.430529 0
9985 0.430571 0
9990 0.430614 0
9995 0.430649 0
10000 0.433317 0

