3300 1.13738 0
3305 1.14015 0
3310 1.1429 0
3315 1.14563 0
3320 1.14834 0
3325 1.15103 0
3330 1.15371 0
3335 1.15636 0
3340 1.159 0
3345 1.16161 0
3350 1.1642 0
3355 1.16677 0
3360 1.16932 0
3365 1.17185 0
3370 1.17436 0
3375 1.17685 0
3380 1.17934 0
3385 1.18182 0
3390 1.18429 0
3395 1.18675 0
3400 1.1892 0
3405 1.19165 0
3410 1.19408 0
3415 1.1965 0
3420 1.19891 0
3425 1.2013 0
3430 1.20368 0
3435 1.20605 0
3440 1.2084 0
3445 1.21073 0
3450 1.21305 0
3455 1.21536 0
3460 1.21764 0
3465 1.21991 0
3470 1.22216 0
3475 1.22439 0
3480 1.2266 0
3485 1.2288 0
3490 1.23098 0
3495 1.23314 0
3500 1.23528 0
3505 1.23741 0
3510 1.23953 0
3515 1.24163 0
3520 1.24372 0
3525 1.2458 0
3530 1.24787 0
3535 1.24992 0
3540 1.25196 0
3545 1.25399 0
3550 1.256 0
3555 1.258 0
3560 1.25998 0
3565 1.26195 0
3570 1.26391 0
3575 1.26585 0
3580 1.26777 0
3585 1.26969 0
3590 1.27158 0
3595 1.27346 0
3600 1.27533 0
3605 1.27718 0
3610 1.27901 0
3615 1.28083 0
3620 1.28264 0
3625 1.28443 0
3630 1.2862 0
3635 1.28797 0
3640 1.28971 0
3645 1.29144 0
3650 1.29316 0
3655 1.29486 0
3660 1.29655 0
3665 1.29822 0
3670 1.29988 0
3675 1.30153 0
3680 1.30315 0
3685 1.30476 0
3690 1.30635 0
3695 1.30792 0
3700 1.30946 0
3705 1.31097 0
3710 1.31244 0
3715 1.31386 0
3720 1.3152 0
3725 1.31644 0
3730 1.31755 0
3735 1.31845 0
3740 1.31907 0
3745 1.31929 0
3750 1.31894 0
3755 1.3178 0
3760 1.31552 0
3765 1.31171 0
3770 1.3058 0
3775 1.29715 0
3780 1.28509 0
3785 1.26928 0
3790 1.25783 0
3795 1.26146 0
3800 1.26662 0
3805 1.27115 0
3810 1.27581 0
3815 1.27938 0
3820 1.28554 0
3825 1.29428 0
3830 1.30038 0
3835 1.30844 0
3840 1.31836 0
3845 1.33 0
3850 1.33729 0
3855 1.34561 0
3860 1.35466 0
3865 1.36407 0
3870 1.37371 0
3875 1.37709 0
3880 1.3861 0
3885 1.38842 0
3890 1.39 0
3895 1.39078 0
3900 1.39081 0
3905 1.39016 0
3910 1.38891 0
3915 1.38738 0
3920 1.38565 0
3925 1.38399 0
3930 1.38232 0
3935 1.38075 0
3940 1.37931 0
3945 1.37801 0
3950 1.37684 0
3955 1.37573 0
3960 1.37461 0
3965 1.37336 0
3970 1.37179 0
3975 1.3697 0
3980 1.36678 0
3985 1.36264 0
3990 1.35676 0
3995 1.34849 0
4000 1.33702 0
4005 1.32142 0
4010 1.30076 0
4015 1.27442 0
4020 1.24284 0
4025 1.22676 0
4030 1.22907 0
4035 1.23818 0
4040 1.23895 0
4045 1.24511 0
4050 1.25648 0
4055 1.26456 0
4060 1.27179 0
4065 1.28253 0
4070 1.29655 0
4075 1.31457 0
4080 1.33443 0
4085 1.3471 0
4090 1.36178 0
4095 1.37728 0
4100 1.39383 0
4105 1.41091 0
4110 1.42842 0
4115 1.4338 0
4120 1.45039 0
4125 1.45423 0
4130 1.45703 0
4135 1.45871 0
4140 1.4581 0
4145 1.45756 0
4150 1.45486 0
4155 1.45259 0
4160 1.44867 0
4165 1.44458 0
4170 1.44039 0
4175 1.43613 0
4180 1.43199 0
4185 1.42803 0
4190 1.42437 0
4195 1.42106 0
4200 1.41816 0
4205 1.41563 0
4210 1.41348 0
4215 1.41169 0
4220 1.41024 0
4225 1.40909 0
4230 1.40818 0
4235 1.40751 0
4240 1.40701 0
4245 1.40668 0
4250 1.40646 0
4255 1.40634 0
4260 1.40631 0
4265 1.40632 0
4270 1.40638 0
4275 1.40646 0
4280 1.40656 0
4285 1.40664 0
4290 1.40672 0
4295 1.40678 0
4300 1.40681 0
4305 1.4068 0
4310 1.40673 0
4315 1.40658 0
4320 1.40632 0
4325 1.40591 0
4330 1.40529 0
4335 1.40439 0
4340 1.40309 0
4345 1.40125 0
4350 1.39865 0
4355 1.39503 0
4360 1.39 0
4365 1.38305 0
4370 1.37352 0
4375 1.36054 0
4380 1.34305 0
4385 1.31973 0
4390 1.28917 0
4395 1.2499 0
4400 1.20082 0
4405 1.14172 0
4410 1.07536 0
4415 1.00309 0
4420 0.928815 0
4425 0.858836 0
4430 0.800418 0
4435 0.79104 0
4440 0.821866 0
4445 0.857105 0
4450 0.888317 0
4455 0.931963 0
4460 0.97335 0
4465 1.0241 0
4470 1.08342 0
4475 1.13219 0
4480 1.18586 0
4485 1.24308 0
4490 1.28343 0
4495 1.34401 0
4500 1.38478 0
4505 1.42481 0
4510 1.4635 0
4515 1.50071 0
4520 1.53618 0
4525 1.54827 0
4530 1.57934 0
4535 1.58711 0
4540 1.61411 0
4545 1.61731 0
4550 1.61847 0
4555 1.61756 0
4560 1.61463 0
4565 1.60972 0
4570 1.603 0
4575 1.59454 0
4580 1.58505 0
4585 1.57436 0
4590 1.56333 0
4595 1.55163 0
4600 1.53941 0
4605 1.52688 0
4610 1.51431 0
4615 1.50178 0
4620 1.48959 0
4625 1.47781 0
4630 1.46672 0
4635 1.45635 0
4640 1.44694 0
4645 1.43841 0
4650 1.43084 0
4655 1.42418 0
4660 1.41837 0
4665 1.41335 0
4670 1.40902 0
4675 1.40531 0
4680 1.40211 0
4685 1.39931 0
4690 1.3968 0
4695 1.39447 0
4700 1.3922 0
4705 1.38988 0
4710 1.38738 0
4715 1.38452 0
4720 1.38111 0
4725 1.37692 0
4730 1.37164 0
4735 1.36489 0
4740 1.3562 0
4745 1.34498 0
4750 1.33054 0
4755 1.31204 0
4760 1.28863 0
4765 1.2595 0
4770 1.22621 0
4775 1.19042 0
4780 1.14755 0
4785 1.09763 0
4790 1.04387 0
4795 0.989369 0
4800 0.93744 0
4805 0.930794 0
4810 0.947525 0
4815 0.96184 0
4820 0.990084 0
4825 1.00624 0
4830 1.02917 0
4835 1.06091 0
4840 1.09914 0
4845 1.12819 0
4850 1.1622 0
4855 1.18368 0
4860 1.22468 0
4865 1.25212 0
4870 1.29922 0
4875 1.32912 0
4880 1.35973 0
4885 1.39108 0
4890 1.42181 0
4895 1.43242 0
4900 1.46101 0
4905 1.48907 0
4910 1.4955 0
4915 1.50089 0
4920 1.52409 0
4925 1.52583 0
4930 1.52595 0
4935 1.52444 0
4940 1.52135 0
4945 1.51669 0
4950 1.51063 0
4955 1.5032 0
4960 1.49489 0
4965 1.48579 0
4970 1.47622 0
4975 1.46649 0
4980 1.45641 0
4985 1.4462 0
4990 1.43618 0
4995 1.42629 0
5000 1.41678 0
5005 1.40779 0
5010 1.39933 0
5015 1.39158 0
5020 1.38447 0
5025 1.37808 0
5030 1.37236 0
5035 1.36731 0
5040 1.36283 0
5045 1.35894 0
5050 1.35548 0
5055 1.35246 0
5060 1.34979 0
5065 1.34742 0
5070 1.34533 0
5075 1.34346 0
5080 1.34177 0
5085 1.34024 0
5090 1.33883 0
5095 1.33752 0
5100 1.3363 0
5105 1.33514 0
5110 1.33403 0
5115 1.33296 0
5120 1.33193 0
5125 1.33092 0
5130 1.32992 0
5135 1.32895 0
5140 1.32798 0
5145 1.32703 0
5150 1.32608 0
5155 1.32514 0
5160 1.3242 0
5165 1.32327 0
5170 1.32233 0
5175 1.3214 0
5180 1.32047 0
5185 1.31953 0
5190 1.31858 0
5195 1.31763 0
5200 1.31667 0
5205 1.3157 0
5210 1.31472 0
5215 1.31374 0
5220 1.31275 0
5225 1.31176 0
5230 1.31075 0
5235 1.30974 0
5240 1.30871 0
5245 1.30768 0
5250 1.30664 0
5255 1.30565 0
5260 1.30466 0
5265 1.30367 0
5270 1.30267 0
5275 1.30169 0
5280 1.3007 0
5285 1.29971 0
5290 1.29871 0
5295 1.29772 0
5300 1.29674 0
5305 1.29576 0
5310 1.29476 0
5315 1.29377 0
5320 1.29277 0
5325 1.29176 0
5330 1.29075 0
5335 1.28974 0
5340 1.28872 0
5345 1.2877 0
5350 1.28666 0
5355 1.28564 0
5360 1.2846 0
5365 1.28357 0
5370 1.28252 0
5375 1.28149 0
5380 1.28043 0
5385 1.27937 0
5390 1.27831 0
5395 1.27724 0
5400 1.27617 0
5405 1.2751 0
5410 1.27403 0
5415 1.27296 0
5420 1.27189 0
5425 1.27082 0
5430 1.26975 0
5435 1.26867 0
5440 1.26759 0
5445 1.26651 0
5450 1.26542 0
5455 1.26433 0
5460 1.26323 0
5465 1.26214 0
5470 1.26103 0
5475 1.25993 0
5480 1.25882 0
5485 1.25771 0
5490 1.2566 0
5495 1.25549 0
5500 1.25437 0
5505 1.25326 0
5510 1.25214 0
5515 1.25102 0
5520 1.2499 0
5525 1.24878 0
5530 1.24766 0
5535 1.24654 0
5540 1.24541 0
5545 1.24429 0
5550 1.24316 0
5555 1.24203 0
5560 1.2409 0
5565 1.23976 0
5570 1.2386 0
5575 1.23743 0
5580 1.23624 0
5585 1.23503 0
5590 1.2338 0
5595 1.23253 0
5600 1.23123 0
5605 1.22989 0
5610 1.2285 0
5615 1.22703 0
5620 1.22549 0
5625 1.22384 0
5630 1.22208 0
5635 1.22024 0
5640 1.21821 0
5645 1.21594 0
5650 1.21339 0
5655 1.21047 0
5660 1.20712 0
5665 1.20323 0
5670 1.19865 0
5675 1.19329 0
5680 1.18698 0
5685 1.17958 0
5690 1.17106 0
5695 1.16159 0
5700 1.15607 0
5705 1.15571 0
5710 1.15684 0
5715 1.15674 0
5720 1.15593 0
5725 1.15626 0
5730 1.15769 0
5735 1.15737 0
5740 1.15781 0
5745 1.15903 0
5750 1.16104 0
5755 1.16381 0
5760 1.1638 0
5765 1.16793 0
5770 1.16907 0
5775 1.1707 0
5780 1.1728 0
5785 1.17534 0
5790 1.17823 0
5795 1.18148 0
5800 1.18105 0
5805 1.18473 0
5810 1.18854 0
5815 1.1884 0
5820 1.19231 0
5825 1.19209 0
5830 1.19183 0
5835 1.19545 0
5840 1.19476 0
5845 1.19383 0
5850 1.19261 0
5855 1.1911 0
5860 1.18925 0
5865 1.18708 0
5870 1.18458 0
5875 1.18172 0
5880 1.17849 0
5885 1.17488 0
5890 1.17089 0
5895 1.16638 0
5900 1.1614 0
5905 1.15573 0
5910 1.14921 0
5915 1.14167 0
5920 1.13293 0
5925 1.12268 0
5930 1.11061 0
5935 1.09634 0
5940 1.07959 0
5945 1.05995 0
5950 1.03725 0
5955 1.01126 0
5960 0.982048 0
5965 0.950191 0
5970 0.916553 0
5975 0.883505 0
5980 0.869215 0
5985 0.874826 0
5990 0.879613 0
5995 0.885487 0
6000 0.889267 0
6005 0.897367 0
6010 0.909937 0
6015 0.916312 0
6020 0.925891 0
6025 0.938222 0
6030 0.953702 0
6035 0.971964 0
6040 0.980383 0
6045 1.00359 0
6050 1.01591 0
6055 1.02991 0
6060 1.04522 0
6065 1.06183 0
6070 1.0794 0
6075 1.09766 0
6080 1.11668 0
6085 1.12155 0
6090 1.14072 0
6095 1.16012 0
6100 1.16425 0
6105 1.18319 0
6110 1.1864 0
6115 1.18916 0
6120 1.20628 0
6125 1.20751 0
6130 1.20801 0
6135 1.20775 0
6140 1.2067 0
6145 1.20489 0
6150 1.20231 0
6155 1.199 0
6160 1.19501 0
6165 1.19037 0
6170 1.18512 0
6175 1.17963 0
6180 1.17375 0
6185 1.16759 0
6190 1.16152 0
6195 1.15529 0
6200 1.14892 0
6205 1.14252 0
6210 1.13618 0
6215 1.12992 0
6220 1.1237 0
6225 1.11758 0
6230 1.11161 0
6235 1.1057 0
6240 1.09987 0
6245 1.09408 0
6250 1.08823 0
6255 1.08229 0
6260 1.07613 0
6265 1.06963 0
6270 1.06264 0
6275 1.05498 0
6280 1.04649 0
6285 1.03691 0
6290 1.02602 0
6295 1.01356 0
6300 0.999307 0
6305 0.983075 0
6310 0.964721 0
6315 0.94425 0
6320 0.921978 0
6325 0.898928 0
6330 0.882751 0
6335 0.884609 0
6340 0.889702 0
6345 0.892158 0
6350 0.892966 0
6355 0.896729 0
6360 0.903527 0
6365 0.905641 0
6370 0.909836 0
6375 0.91591 0
6380 0.924068 0
6385 0.934181 0
6390 0.936856 0
6395 0.950406 0
6400 0.955951 0
6405 0.962738 0
6410 0.970713 0
6415 0.979687 0
6420 0.98963 0
6425 1.00045 0
6430 1.012 0
6435 1.02417 0
6440 1.02601 0
6445 1.0389 0
6450 1.04114 0
6455 1.05415 0
6460 1.0563 0
6465 1.06926 0
6470 1.07087 0
6475 1.07227 0
6480 1.08429 0
6485 1.08473 0
6490 1.08471 0
6495 1.08418 0
6500 1.08315 0
6505 1.08162 0
6510 1.0796 0
6515 1.07709 0
6520 1.07414 0
6525 1.07077 0
6530 1.06702 0
6535 1.06303 0
6540 1.05889 0
6545 1.05453 0
6550 1.05021 0
6555 1.04592 0
6560 1.04157 0
6565 1.03723 0
6570 1.03294 0
6575 1.02878 0
6580 1.02474 0
6585 1.02081 0
6590 1.01704 0
6595 1.01345 0
6600 1.01002 0
6605 1.00676 0
6610 1.00369 0
6615 1.00078 0
6620 0.998038 0
6625 0.995462 0
6630 0.993028 0
6635 0.990743 0
6640 0.988585 0
6645 0.986547 0
6650 0.984615 0
6655 0.982776 0
6660 0.981033 0
6665 0.979361 0
6670 0.977758 0
6675 0.976213 0
6680 0.974723 0
6685 0.973276 0
6690 0.971869 0
6695 0.970496 0
6700 0.969153 0
6705 0.967834 0
6710 0.966538 0
6715 0.965261 0
6720 0.963999 0
6725 0.962752 0
6730 0.961517 0
6735 0.960291 0
6740 0.959076 0
6745 0.957869 0
6750 0.956667 0
6755 0.955472 0
6760 0.954284 0
6765 0.9531 0
6770 0.951922 0
6775 0.950748 0
6780 0.949579 0
6785 0.948413 0
6790 0.947251 0
6795 0.946092 0
6800 0.944936 0
6805 0.943784 0
6810 0.942634 0
6815 0.941487 0
6820 0.940343 0
6825 0.939202 0
6830 0.938063 0
6835 0.936927 0
6840 0.935793 0
6845 0.934662 0
6850 0.933532 0
6855 0.9324 0
6860 0.931267 0
6865 0.930131 0
6870 0.928995 0
6875 0.927857 0
6880 0.926718 0
6885 0.925578 0
6890 0.924437 0
6895 0.923295 0
6900 0.922152 0
6905 0.921009 0
6910 0.919865 0
6915 0.918721 0
6920 0.917577 0
6925 0.916432 0
6930 0.915288 0
6935 0.914144 0
6940 0.913 0
6945 0.911857 0
6950 0.910714 0
6955 0.909572 0
6960 0.90843 0
6965 0.90729 0
6970 0.90615 0
6975 0.905011 0
6980 0.903874 0
6985 0.902738 0
6990 0.901603 0
6995 0.90047 0
7000 0.899338 0
7005 0.898208 0
7010 0.89708 0
7015 0.895953 0
7020 0.894828 0
7025 0.893705 0
7030 0.892584 0
7035 0.891466 0
7040 0.89035 0
7045 0.889237 0
7050 0.888125 0
7055 0.887016 0
7060 0.885909 0
7065 0.884804 0
7070 0.883702 0
7075 0.882602 0
7080 0.881504 0
7085 0.880408 0
7090 0.879315 0
7095 0.878223 0
7100 0.877134 0
7105 0.876047 0
7110 0.87496 0
7115 0.873872 0
7120 0.872783 0
7125 0.871692 0
7130 0.870601 0
7135 0.86951 0
7140 0.868417 0
7145 0.867324 0
7150 0.866231 0
7155 0.865138 0
7160 0.864044 0
7165 0.86295 0
7170 0.861857 0
7175 0.860763 0
7180 0.859669 0
7185 0.858576 0
7190 0.857483 0
7195 0.856391 0
7200 0.855299 0
7205 0.854208 0
7210 0.853118 0
7215 0.852029 0
7220 0.85094 0
7225 0.849852 0
7230 0.848766 0
7235 0.84768 0
7240 0.846596 0
7245 0.845513 0
7250 0.844432 0
7255 0.843352 0
7260 0.842273 0
7265 0.841196 0
7270 0.840122 0
7275 0.839048 0
7280 0.837976 0
7285 0.836906 0
7290 0.835838 0
7295 0.834772 0
7300 0.833709 0
7305 0.832647 0
7310 0.831588 0
7315 0.83053 0
7320 0.829475 0
7325 0.828422 0
7330 0.827371 0
7335 0.826322 0
7340 0.825276 0
7345 0.824231 0
7350 0.823188 0
7355 0.822148 0
7360 0.821109 0
7365 0.820072 0
7370 0.819034 0
7375 0.817996 0
7380 0.816958 0
7385 0.815919 0
7390 0.81488 0
7395 0.81384 0
7400 0.812801 0
7405 0.811761 0
7410 0.810722 0
7415 0.809682 0
7420 0.808643 0
7425 0.807604 0
7430 0.806566 0
7435 0.805527 0
7440 0.80449 0
7445 0.803452 0
7450 0.802416 0
7455 0.80138 0
7460 0.800345 0
7465 0.799311 0
7470 0.798277 0
7475 0.797245 0
7480 0.796213 0
7485 0.795183 0
7490 0.794154 0
7495 0.793126 0
7500 0.792099 0
7505 0.791074 0
7510 0.790049 0
7515 0.789027 0
7520 0.788006 0
7525 0.786986 0
7530 0.785968 0
7535 0.784952 0
7540 0.783937 0
7545 0.782924 0
7550 0.781912 0
7555 0.780903 0
7560 0.779895 0
7565 0.77889 0
7570 0.777886 0
7575 0.776885 0
7580 0.775885 0
7585 0.774888 0
7590 0.773892 0
7595 0.772899 0
7600 0.771907 0
7605 0.770917 0
7610 0.769929 0
7615 0.768943 0
7620 0.767959 0
7625 0.766976 0
7630 0.765992 0
7635 0.765008 0
7640 0.764024 0
7645 0.76304 0
7650 0.762057 0
7655 0.761073 0
7660 0.76009 0
7665 0.759107 0
7670 0.758124 0
7675 0.757142 0
7680 0.75616 0
7685 0.755178 0
7690 0.754198 0
7695 0.753218 0
7700 0.752238 0
7705 0.751259 0
7710 0.750281 0
7715 0.749304 0
7720 0.748328 0
7725 0.747353 0
7730 0.746378 0
7735 0.745405 0
7740 0.744432 0
7745 0.743461 0
7750 0.742491 0
7755 0.741522 0
7760 0.740555 0
7765 0.739588 0
7770 0.738623 0
7775 0.73766 0
7780 0.736698 0
7785 0.735737 0
7790 0.734778 0
7795 0.73382 0
7800 0.732864 0
7805 0.73191 0
7810 0.730956 0
7815 0.730005 0
7820 0.729056 0
7825 0.728108 0
7830 0.727162 0
7835 0.726218 0
7840 0.725276 0
7845 0.724336 0
7850 0.723397 0
7855 0.722461 0
7860 0.721526 0
7865 0.720592 0
7870 0.719661 0
7875 0.718732 0
7880 0.717803 0
7885 0.716875 0
7890 0.715947 0
7895 0.71502 0
7900 0.714092 0
7905 0.713165 0
7910 0.712239 0
7915 0.711312 0
7920 0.710387 0
7925 0.709461 0
7930 0.708536 0
7935 0.707612 0
7940 0.706689 0
7945 0.705766 0
7950 0.704844 0
7955 0.703922 0
7960 0.703002 0
7965 0.702082 0
7970 0.701163 0
7975 0.700245 0
7980 0.699328 0
7985 0.698412 0
7990 0.697497 0
7995 0.696583 0
8000 0.69567 0
8005 0.694758 0
8010 0.693847 0
8015 0.692938 0
8020 0.692029 0
8025 0.691122 0
8030 0.690217 0
8035 0.689312 0
8040 0.688409 0
8045 0.687507 0
8050 0.686607 0
8055 0.685708 0
8060 0.684811 0
8065 0.683915 0
8070 0.683021 0
8075 0.682127 0
8080 0.681236 0
8085 0.680346 0
8090 0.679458 0
8095 0.678572 0
8100 0.677688 0
8105 0.676805 0
8110 0.675923 0
8115 0.675044 0
8120 0.674166 0
8125 0.673289 0
8130 0.672414 0
8135 0.671541 0
8140 0.670668 0
8145 0.669795 0
8150 0.668922 0
8155 0.668049 0
8160 0.667176 0
8165 0.666303 0
8170 0.66543 0
8175 0.664557 0
8180 0.663684 0
8185 0.662811 0
8190 0.661939 0
8195 0.661067 0
8200 0.660196 0
8205 0.659325 0
8210 0.658454 0
8215 0.657583 0
8220 0.656714 0
8225 0.655844 0
8230 0.654976 0
8235 0.654108 0
8240 0.65324 0
8245 0.652373 0
8250 0.651507 0
8255 0.650642 0
8260 0.649777 0
8265 0.648913 0
8270 0.64805 0
8275 0.647187 0
8280 0.646325 0
8285 0.645463 0
8290 0.644603 0
8295 0.643742 0
8300 0.642882 0
8305 0.642023 0
8310 0.641163 0
8315 0.640304 0
8320 0.639444 0
8325 0.638585 0
8330 0.637724 0
8335 0.636862 0
8340 0.635998 0
8345 0.635133 0
8350 0.634265 0
8355 0.633394 0
8360 0.632518 0
8365 0.631638 0
8370 0.630751 0
8375 0.629856 0
8380 0.628953 0
8385 0.628037 0
8390 0.627109 0
8395 0.626164 0
8400 0.6252 0
8405 0.624214 0
8410 0.623201 0
8415 0.622157 0
8420 0.621077 0
8425 0.619956 0
8430 0.618786 0
8435 0.617569 0
8440 0.6163 0
8445 0.614956 0
8450 0.613536 0
8455 0.612017 0
8460 0.610394 0
8465 0.60866 0
8470 0.606795 0
8475 0.6048 0
8480 0.602696 0
8485 0.600739 0
8490 0.599466 0
8495 0.598172 0
8500 0.596597 0
8505 0.5951 0
8510 0.593871 0
8515 0.593096 0
8520 0.59285 0
8525 0.591999 0
8530 0.591536 0
8535 0.591274 0
8540 0.590899 0
8545 0.590202 0
8550 0.589615 0
8555 0.589634 0
8560 0.589299 0
8565 0.588659 0
8570 0.588541 0
8575 0.588096 0
8580 0.587726 0
8585 0.587903 0
8590 0.587711 0
8595 0.587042 0
8600 0.587003 0
8605 0.587028 0
8610 0.58713 0
8615 0.58674 0
8620 0.586452 0
8625 0.586152 0
8630 0.586489 0
8635 0.585771 0
8640 0.586198 0
8645 0.586059 0
8650 0.586004 0
8655 0.585925 0
8660 0.585306 0
8665 0.585877 0
8670 0.585338 0
8675 0.58534 0
8680 0.584806 0
8685 0.584251 0
8690 0.584855 0
8695 0.584278 0
8700 0.583673 0
8705 0.583054 0
8710 0.582429 0
8715 0.582336 0
8720 0.581626 0
8725 0.580916 0
8730 0.580167 0
8735 0.57938 0
8740 0.578567 0
8745 0.577758 0
8750 0.576898 0
8755 0.576017 0
8760 0.575121 0
8765 0.574182 0
8770 0.573259 0
8775 0.572322 0
8780 0.571384 0
8785 0.570445 0
8790 0.569474 0
8795 0.568532 0
8800 0.56756 0
8805 0.566626 0
8810 0.565703 0
8815 0.564755 0
8820 0.563845 0
8825 0.56291 0
8830 0.561985 0
8835 0.561102 0
8840 0.560199 0
8845 0.559306 0
8850 0.558455 0
8855 0.557583 0
8860 0.55672 0
8865 0.555868 0
8870 0.555059 0
8875 0.554225 0
8880 0.553401 0
8885 0.552585 0
8890 0.551777 0
8895 0.550977 0
8900 0.550184 0
8905 0.549398 0
8910 0.548618 0
8915 0.547844 0
8920 0.547076 0
8925 0.546314 0
8930 0.545556 0
8935 0.544802 0
8940 0.544053 0
8945 0.543308 0
8950 0.542568 0
8955 0.541831 0
8960 0.541097 0
8965 0.540367 0
8970 0.539641 0
8975 0.538917 0
8980 0.538196 0
8985 0.537478 0
8990 0.536763 0
8995 0.53605 0
9000 0.53534 0
9005 0.534632 0
9010 0.533926 0
9015 0.533223 0
9020 0.532521 0
9025 0.531822 0
9030 0.531124 0
9035 0.530428 0
9040 0.529735 0
9045 0.529042 0
9050 0.528352 0
9055 0.527663 0
9060 0.526976 0
9065 0.526291 0
9070 0.525607 0
9075 0.524924 0
9080 0.524243 0
9085 0.523564 0
9090 0.522885 0
9095 0.522208 0
9100 0.521533 0
9105 0.520859 0
9110 0.520186 0
9115 0.519515 0
9120 0.518844 0
9125 0.518175 0
9130 0.517507 0
9135 0.516841 0
9140 0.516175 0
9145 0.515511 0
9150 0.514848 0
9155 0.514186 0
9160 0.513525 0
9165 0.512865 0
9170 0.512205 0
9175 0.511546 0
9180 0.510886 0
9185 0.510227 0
9190 0.509568 0
9195 0.508908 0
9200 0.508249 0
9205 0.50759 0
9210 0.506931 0
9215 0.506272 0
9220 0.505612 0
9225 0.504953 0
9230 0.504293 0
9235 0.503632 0
9240 0.502971 0
9245 0.50231 0
9250 0.501647 0
9255 0.500984 0
9260 0.500319 0
9265 0.499653 0
9270 0.498984 0
9275 0.498314 0
9280 0.497641 0
9285 0.496964 0
9290 0.496285 0
9295 0.495601 0
9300 0.494913 0
9305 0.494219 0
9310 0.493519 0
9315 0.492812 0
9320 0.492097 0
9325 0.491374 0
9330 0.490641 0
9335 0.489899 0
9340 0.489147 0
9345 0.488392 0
9350 0.487681 0
9355 0.487061 0
9360 0.486429 0
9365 0.485829 0
9370 0.485217 0
9375 0.484578 0
9380 0.48395 0
9385 0.483334 0
9390 0.482729 0
9395 0.482136 0
9400 0.481555 0
9405 0.48092 0
9410 0.480291 0
9415 0.479739 0
9420 0.479126 0
9425 0.478519 0
9430 0.47792 0
9435 0.477327 0
9440 0.476741 0
9445 0.476162 0
9450 0.47559 0
9455 0.475025 0
9460 0.474466 0
9465 0.473913 0
9470 0.473282 0
9475 0.47274 0
9480 0.472204 0
9485 0.471587 0
9490 0.471061 0
9495 0.470452 0
9500 0.469935 0
9505 0.469423 0
9510 0.468825 0
9515 0.46823 0
9520 0.467729 0
9525 0.467138 0
9530 0.466642 0
9535 0.466056 0
9540 0.465471 0
9545 0.464888 0
9550 0.464399 0
9555 0.463817 0
9560 0.463235 0
9565 0.462654 0
9570 0.462073 0
9575 0.461584 0
9580 0.461001 0
9585 0.460418 0
9590 0.459833 0
9595 0.459248 0
9600 0.458661 0
9605 0.458073 0
9610 0.457485 0
9615 0.456895 0
9620 0.456304 0
9625 0.455713 0
9630 0.45512 0
9635 0.454528 0
9640 0.453934 0
9645 0.45334 0
9650 0.452745 0
9655 0.452152 0
9660 0.451558 0
9665 0.450965 0
9670 0.450372 0
9675 0.44978 0
9680 0.44919 0
9685 0.448599 0
9690 0.448008 0
9695 0.447416 0
9700 0.446825 0
9705 0.446234 0
9710 0.445643 0
9715 0.445051 0
9720 0.44446 0
9725 0.443867 0
9730 0.443274 0
9735 0.44268 0
9740 0.442085 0
9745 0.441489 0
9750 0.440891 0
9755 0.44029 0
9760 0.439688 0
9765 0.439081 0
9770 0.438471 0
9775 0.437857 0
9780 0.437237 0
9785 0.436612 0
9790 0.435979 0
9795 0.435338 0
9800 0.434689 0
9805 0.434029 0
9810 0.433358 0
9815 0.432673 0
9820 0.431975 0
9825 0.431261 0
9830 0.430531 0
9835 0.429784 0
9840 0.429022 0
9845 0.428256 0
9850 0.427625 0
9855 0.427104 0
9860 0.426576 0
9865 0.426033 0
9870 0.425446 0
9875 0.424964 0
9880 0.424423 0
9885 0.423901 0
9890 0.423397 0
9895 0.422802 0
9900 0.422331 0
9905 0.421877 0
9910 0.421317 0
9915 0.420766 0
9920 0.420225 0
9925 0.419826 0
9930 0.419305 0
9935 0.418794 0
9940 0.418291 0
9945 0.417799 0
9950 0.41719 0
9955 0.416741 0
9960 0.416305 0
9965 0.415877 0
9970 0.415464 0
9975 0.414898 0
9980 0.414497 0
9985 0.414108 0
9990 0.413569 0
9995 0.413199 0
10000 0.412664 0

