3300 1.14561 0
3305 1.14697 0
3310 1.14861 0
3315 1.1504 0
3320 1.15236 0
3325 1.15447 0
3330 1.1567 0
3335 1.159 0
3340 1.16127 0
3345 1.16358 0
3350 1.16591 0
3355 1.16826 0
3360 1.17061 0
3365 1.17297 0
3370 1.17532 0
3375 1.17768 0
3380 1.18005 0
3385 1.18242 0
3390 1.18479 0
3395 1.18717 0
3400 1.18955 0
3405 1.19192 0
3410 1.19429 0
3415 1.19665 0
3420 1.19901 0
3425 1.20135 0
3430 1.20367 0
3435 1.20598 0
3440 1.20827 0
3445 1.21054 0
3450 1.21278 0
3455 1.21498 0
3460 1.21715 0
3465 1.21928 0
3470 1.22136 0
3475 1.22337 0
3480 1.22532 0
3485 1.22719 0
3490 1.22897 0
3495 1.23063 0
3500 1.23216 0
3505 1.23352 0
3510 1.2347 0
3515 1.23564 0
3520 1.23631 0
3525 1.23665 0
3530 1.23658 0
3535 1.23602 0
3540 1.23487 0
3545 1.23302 0
3550 1.23033 0
3555 1.22665 0
3560 1.22181 0
3565 1.21559 0
3570 1.2078 0
3575 1.19819 0
3580 1.18653 0
3585 1.17262 0
3590 1.15627 0
3595 1.13742 0
3600 1.1162 0
3605 1.09327 0
3610 1.07973 0
3615 1.07163 0
3620 1.06422 0
3625 1.05413 0
3630 1.04235 0
3635 1.02882 0
3640 1.01935 0
3645 1.04185 0
3650 1.06682 0
3655 1.09299 0
3660 1.11106 0
3665 1.13629 0
3670 1.1536 0
3675 1.17142 0
3680 1.18153 0
3685 1.18955 0
3690 1.19097 0
3695 1.19149 0
3700 1.17579 0
3705 1.15368 0
3710 1.12412 0
3715 1.08619 0
3720 1.03955 0
3725 0.977119 0
3730 0.913043 0
3735 0.835265 0
3740 0.752583 0
3745 0.667541 0
3750 0.583549 0
3755 0.504182 0
3760 0.433225 0
3765 0.373578 0
3770 0.327151 0
3775 0.294319 0
3780 0.27426 0
3785 0.265232 0
3790 0.265041 0
3795 0.271449 0
3800 0.282497 0
3805 0.296711 0
3810 0.313091 0
3815 0.331117 0
3820 0.350659 0
3825 0.371819 0
3830 0.395031 0
3835 0.422654 0
3840 0.457207 0
3845 0.499342 0
3850 0.548214 0
3855 0.602958 0
3860 0.663972 0
3865 0.732671 0
3870 0.856194 0
3875 0.979238 0
3880 1.08728 0
3885 1.18765 0
3890 1.28821 0
3895 1.37647 0
3900 1.46312 0
3905 1.53407 0
3910 1.6021 0
3915 1.66722 0
3920 1.72936 0
3925 1.77323 0
3930 1.81368 0
3935 1.8666 0
3940 1.88414 0
3945 1.91415 0
3950 1.94112 0
3955 1.94839 0
3960 1.96883 0
3965 1.96945 0
3970 1.96694 0
3975 1.96137 0
3980 1.95283 0
3985 1.94139 0
3990 1.92734 0
3995 1.91132 0
4000 1.89329 0
4005 1.8739 0
4010 1.85301 0
4015 1.83086 0
4020 1.80787 0
4025 1.7844 0
4030 1.76069 0
4035 1.73698 0
4040 1.71347 0
4045 1.69039 0
4050 1.66828 0
4055 1.6474 0
4060 1.62793 0
4065 1.61005 0
4070 1.59369 0
4075 1.57849 0
4080 1.56397 0
4085 1.55002 0
4090 1.53665 0
4095 1.52388 0
4100 1.51172 0
4105 1.50021 0
4110 1.48938 0
4115 1.47927 0
4120 1.46992 0
4125 1.46135 0
4130 1.45359 0
4135 1.44663 0
4140 1.44046 0
4145 1.43505 0
4150 1.43034 0
4155 1.42629 0
4160 1.42282 0
4165 1.41987 0
4170 1.41738 0
4175 1.41527 0
4180 1.41351 0
4185 1.41204 0
4190 1.41081 0
4195 1.40979 0
4200 1.40895 0
4205 1.40826 0
4210 1.4077 0
4215 1.40725 0
4220 1.40691 0
4225 1.40665 0
4230 1.40646 0
4235 1.40633 0
4240 1.40625 0
4245 1.40623 0
4250 1.40623 0
4255 1.40627 0
4260 1.40634 0
4265 1.40643 0
4270 1.40654 0
4275 1.40666 0
4280 1.40678 0
4285 1.4069 0
4290 1.40701 0
4295 1.40712 0
4300 1.40722 0
4305 1.40732 0
4310 1.40741 0
4315 1.4075 0
4320 1.40758 0
4325 1.40764 0
4330 1.40771 0
4335 1.40776 0
4340 1.40781 0
4345 1.40785 0
4350 1.40788 0
4355 1.40791 0
4360 1.40793 0
4365 1.40795 0
4370 1.40796 0
4375 1.40797 0
4380 1.40797 0
4385 1.40797 0
4390 1.40796 0
4395 1.40795 0
4400 1.40794 0
4405 1.40792 0
4410 1.40788 0
4415 1.40783 0
4420 1.40777 0
4425 1.40769 0
4430 1.4076 0
4435 1.4075 0
4440 1.40738 0
4445 1.40726 0
4450 1.40712 0
4455 1.40698 0
4460 1.40682 0
4465 1.40666 0
4470 1.40649 0
4475 1.4063 0
4480 1.40611 0
4485 1.40592 0
4490 1.40571 0
4495 1.4055 0
4500 1.40528 0
4505 1.40505 0
4510 1.40482 0
4515 1.40458 0
4520 1.40433 0
4525 1.40407 0
4530 1.40381 0
4535 1.40353 0
4540 1.40323 0
4545 1.40291 0
4550 1.40257 0
4555 1.4022 0
4560 1.40182 0
4565 1.40141 0
4570 1.40097 0
4575 1.40052 0
4580 1.40004 0
4585 1.39954 0
4590 1.39903 0
4595 1.3986 0
4600 1.3983 0
4605 1.398 0
4610 1.39769 0
4615 1.39742 0
4620 1.3971 0
4625 1.39679 0
4630 1.39648 0
4635 1.39615 0
4640 1.39582 0
4645 1.3955 0
4650 1.39516 0
4655 1.39481 0
4660 1.39447 0
4665 1.39408 0
4670 1.39369 0
4675 1.3933 0
4680 1.39299 0
4685 1.39264 0
4690 1.39226 0
4695 1.39188 0
4700 1.3915 0
4705 1.39108 0
4710 1.39063 0
4715 1.39016 0
4720 1.38968 0
4725 1.38919 0
4730 1.38869 0
4735 1.38816 0
4740 1.38765 0
4745 1.38711 0
4750 1.38656 0
4755 1.386 0
4760 1.38544 0
4765 1.38488 0
4770 1.38428 0
4775 1.3837 0
4780 1.38309 0
4785 1.38247 0
4790 1.38187 0
4795 1.38123 0
4800 1.38057 0
4805 1.37989 0
4810 1.37919 0
4815 1.37847 0
4820 1.37773 0
4825 1.37698 0
4830 1.3762 0
4835 1.3754 0
4840 1.37458 0
4845 1.37374 0
4850 1.37287 0
4855 1.37198 0
4860 1.37107 0
4865 1.37013 0
4870 1.3692 0
4875 1.36838 0
4880 1.36753 0
4885 1.3667 0
4890 1.36591 0
4895 1.36536 0
4900 1.36482 0
4905 1.36431 0
4910 1.36372 0
4915 1.36323 0
4920 1.36272 0
4925 1.36217 0
4930 1.36159 0
4935 1.36107 0
4940 1.36053 0
4945 1.36 0
4950 1.35947 0
4955 1.35887 0
4960 1.35828 0
4965 1.35768 0
4970 1.35704 0
4975 1.35644 0
4980 1.35579 0
4985 1.35513 0
4990 1.35442 0
4995 1.35375 0
5000 1.35297 0
5005 1.35218 0
5010 1.35146 0
5015 1.35065 0
5020 1.34982 0
5025 1.34898 0
5030 1.34813 0
5035 1.34727 0
5040 1.3464 0
5045 1.34553 0
5050 1.34464 0
5055 1.34375 0
5060 1.34285 0
5065 1.34194 0
5070 1.34102 0
5075 1.34009 0
5080 1.33916 0
5085 1.33822 0
5090 1.33728 0
5095 1.33634 0
5100 1.33539 0
5105 1.33444 0
5110 1.33349 0
5115 1.33253 0
5120 1.33158 0
5125 1.33061 0
5130 1.32965 0
5135 1.32869 0
5140 1.32772 0
5145 1.32675 0
5150 1.32578 0
5155 1.3248 0
5160 1.32383 0
5165 1.32286 0
5170 1.32194 0
5175 1.32103 0
5180 1.32012 0
5185 1.31921 0
5190 1.31828 0
5195 1.31736 0
5200 1.31642 0
5205 1.31549 0
5210 1.31455 0
5215 1.31361 0
5220 1.31267 0
5225 1.31171 0
5230 1.31077 0
5235 1.30981 0
5240 1.30885 0
5245 1.30788 0
5250 1.30692 0
5255 1.30595 0
5260 1.30499 0
5265 1.304 0
5270 1.30303 0
5275 1.30203 0
5280 1.30106 0
5285 1.30007 0
5290 1.29909 0
5295 1.29809 0
5300 1.29709 0
5305 1.29609 0
5310 1.29508 0
5315 1.29407 0
5320 1.29304 0
5325 1.29201 0
5330 1.29098 0
5335 1.28994 0
5340 1.28889 0
5345 1.28784 0
5350 1.28679 0
5355 1.28573 0
5360 1.28467 0
5365 1.28361 0
5370 1.28254 0
5375 1.28148 0
5380 1.28041 0
5385 1.27934 0
5390 1.27827 0
5395 1.2772 0
5400 1.27612 0
5405 1.27505 0
5410 1.27398 0
5415 1.27291 0
5420 1.27184 0
5425 1.27077 0
5430 1.2697 0
5435 1.26863 0
5440 1.26756 0
5445 1.26648 0
5450 1.26539 0
5455 1.26431 0
5460 1.26321 0
5465 1.26212 0
5470 1.26102 0
5475 1.25992 0
5480 1.25881 0
5485 1.25771 0
5490 1.2566 0
5495 1.25549 0
5500 1.25437 0
5505 1.25326 0
5510 1.25214 0
5515 1.25103 0
5520 1.24991 0
5525 1.24879 0
5530 1.24767 0
5535 1.24656 0
5540 1.24544 0
5545 1.24432 0
5550 1.24321 0
5555 1.24209 0
5560 1.24098 0
5565 1.23986 0
5570 1.23873 0
5575 1.23759 0
5580 1.23645 0
5585 1.2353 0
5590 1.23415 0
5595 1.23299 0
5600 1.23183 0
5605 1.23066 0
5610 1.22949 0
5615 1.22831 0
5620 1.22713 0
5625 1.22595 0
5630 1.22477 0
5635 1.22358 0
5640 1.22239 0
5645 1.2212 0
5650 1.22 0
5655 1.21881 0
5660 1.21762 0
5665 1.21642 0
5670 1.21522 0
5675 1.21403 0
5680 1.21283 0
5685 1.21164 0
5690 1.21045 0
5695 1.20925 0
5700 1.20806 0
5705 1.20687 0
5710 1.20568 0
5715 1.2045 0
5720 1.20331 0
5725 1.20213 0
5730 1.20096 0
5735 1.19978 0
5740 1.19861 0
5745 1.19743 0
5750 1.19626 0
5755 1.1951 0
5760 1.19393 0
5765 1.19277 0
5770 1.19161 0
5775 1.19045 0
5780 1.1893 0
5785 1.18814 0
5790 1.18699 0
5795 1.18584 0
5800 1.18469 0
5805 1.18355 0
5810 1.18241 0
5815 1.18127 0
5820 1.18013 0
5825 1.17898 0
5830 1.17782 0
5835 1.17666 0
5840 1.17549 0
5845 1.17431 0
5850 1.17312 0
5855 1.17193 0
5860 1.17074 0
5865 1.16954 0
5870 1.16833 0
5875 1.16712 0
5880 1.16591 0
5885 1.16469 0
5890 1.16347 0
5895 1.16225 0
5900 1.16102 0
5905 1.1598 0
5910 1.15856 0
5915 1.15733 0
5920 1.1561 0
5925 1.15486 0
5930 1.15363 0
5935 1.15239 0
5940 1.15115 0
5945 1.14992 0
5950 1.14868 0
5955 1.14744 0
5960 1.1462 0
5965 1.14497 0
5970 1.14373 0
5975 1.1425 0
5980 1.14126 0
5985 1.14003 0
5990 1.1388 0
5995 1.13757 0
6000 1.13634 0
6005 1.13511 0
6010 1.13388 0
6015 1.13265 0
6020 1.13142 0
6025 1.13019 0
6030 1.12896 0
6035 1.12774 0
6040 1.12654 0
6045 1.12537 0
6050 1.1242 0
6055 1.12304 0
6060 1.12187 0
6065 1.12071 0
6070 1.11956 0
6075 1.11841 0
6080 1.11725 0
6085 1.11609 0
6090 1.11493 0
6095 1.11376 0
6100 1.11258 0
6105 1.1114 0
6110 1.11021 0
6115 1.10902 0
6120 1.10783 0
6125 1.10663 0
6130 1.10543 0
6135 1.10422 0
6140 1.10302 0
6145 1.10179 0
6150 1.10058 0
6155 1.09935 0
6160 1.09814 0
6165 1.0969 0
6170 1.09568 0
6175 1.09444 0
6180 1.0932 0
6185 1.09197 0
6190 1.09072 0
6195 1.08948 0
6200 1.08822 0
6205 1.08697 0
6210 1.08572 0
6215 1.08446 0
6220 1.0832 0
6225 1.08194 0
6230 1.08068 0
6235 1.07942 0
6240 1.07816 0
6245 1.07689 0
6250 1.07563 0
6255 1.07436 0
6260 1.0731 0
6265 1.07183 0
6270 1.07056 0
6275 1.0693 0
6280 1.06803 0
6285 1.06678 0
6290 1.06561 0
6295 1.06444 0
6300 1.06327 0
6305 1.06211 0
6310 1.06095 0
6315 1.05978 0
6320 1.05864 0
6325 1.05749 0
6330 1.05635 0
6335 1.05521 0
6340 1.05404 0
6345 1.05291 0
6350 1.05174 0
6355 1.05061 0
6360 1.04944 0
6365 1.04828 0
6370 1.04711 0
6375 1.04594 0
6380 1.04478 0
6385 1.04361 0
6390 1.0424 0
6395 1.04123 0
6400 1.04006 0
6405 1.03886 0
6410 1.03769 0
6415 1.03648 0
6420 1.0353 0
6425 1.03409 0
6430 1.03288 0
6435 1.0317 0
6440 1.03048 0
6445 1.02926 0
6450 1.02804 0
6455 1.02683 0
6460 1.0256 0
6465 1.02438 0
6470 1.02316 0
6475 1.02194 0
6480 1.02072 0
6485 1.0195 0
6490 1.01828 0
6495 1.01706 0
6500 1.01585 0
6505 1.01463 0
6510 1.01342 0
6515 1.01221 0
6520 1.01101 0
6525 1.0098 0
6530 1.0086 0
6535 1.0074 0
6540 1.0062 0
6545 1.00501 0
6550 1.00382 0
6555 1.00263 0
6560 1.00145 0
6565 1.00027 0
6570 0.999088 0
6575 0.997912 0
6580 0.996738 0
6585 0.995568 0
6590 0.9944 0
6595 0.993232 0
6600 0.992061 0
6605 0.990887 0
6610 0.989712 0
6615 0.988534 0
6620 0.987354 0
6625 0.986173 0
6630 0.984991 0
6635 0.983807 0
6640 0.982621 0
6645 0.981435 0
6650 0.980248 0
6655 0.97906 0
6660 0.977872 0
6665 0.976683 0
6670 0.975494 0
6675 0.974304 0
6680 0.973115 0
6685 0.971925 0
6690 0.970736 0
6695 0.969548 0
6700 0.96836 0
6705 0.967172 0
6710 0.965986 0
6715 0.9648 0
6720 0.963615 0
6725 0.962432 0
6730 0.96125 0
6735 0.960068 0
6740 0.95889 0
6745 0.957713 0
6750 0.956536 0
6755 0.955362 0
6760 0.954189 0
6765 0.953019 0
6770 0.951851 0
6775 0.950686 0
6780 0.949522 0
6785 0.948361 0
6790 0.947202 0
6795 0.946046 0
6800 0.944891 0
6805 0.943738 0
6810 0.942588 0
6815 0.941439 0
6820 0.940292 0
6825 0.939147 0
6830 0.938004 0
6835 0.936863 0
6840 0.935724 0
6845 0.934586 0
6850 0.933449 0
6855 0.932309 0
6860 0.931167 0
6865 0.930022 0
6870 0.928874 0
6875 0.927724 0
6880 0.926571 0
6885 0.925417 0
6890 0.92426 0
6895 0.9231 0
6900 0.921939 0
6905 0.920775 0
6910 0.919609 0
6915 0.918441 0
6920 0.917271 0
6925 0.916099 0
6930 0.914926 0
6935 0.913751 0
6940 0.912575 0
6945 0.911398 0
6950 0.910224 0
6955 0.909078 0
6960 0.907954 0
6965 0.906835 0
6970 0.905707 0
6975 0.904597 0
6980 0.90347 0
6985 0.902362 0
6990 0.901246 0
6995 0.900134 0
7000 0.899027 0
7005 0.897926 0
7010 0.896811 0
7015 0.895718 0
7020 0.89461 0
7025 0.893506 0
7030 0.892426 0
7035 0.891331 0
7040 0.890239 0
7045 0.889151 0
7050 0.888066 0
7055 0.886962 0
7060 0.885884 0
7065 0.884808 0
7070 0.883736 0
7075 0.882643 0
7080 0.881575 0
7085 0.880487 0
7090 0.879424 0
7095 0.878339 0
7100 0.87728 0
7105 0.876199 0
7110 0.875117 0
7115 0.874033 0
7120 0.872972 0
7125 0.871884 0
7130 0.870795 0
7135 0.869705 0
7140 0.868613 0
7145 0.867519 0
7150 0.866425 0
7155 0.865329 0
7160 0.864232 0
7165 0.863134 0
7170 0.862036 0
7175 0.860937 0
7180 0.859837 0
7185 0.858738 0
7190 0.857639 0
7195 0.85654 0
7200 0.855442 0
7205 0.854344 0
7210 0.853248 0
7215 0.852151 0
7220 0.851056 0
7225 0.849962 0
7230 0.848869 0
7235 0.847778 0
7240 0.846688 0
7245 0.845599 0
7250 0.844512 0
7255 0.843427 0
7260 0.842343 0
7265 0.841261 0
7270 0.840182 0
7275 0.839104 0
7280 0.838028 0
7285 0.836954 0
7290 0.835882 0
7295 0.834813 0
7300 0.833746 0
7305 0.832682 0
7310 0.831619 0
7315 0.83056 0
7320 0.829502 0
7325 0.828447 0
7330 0.827394 0
7335 0.826343 0
7340 0.825294 0
7345 0.824248 0
7350 0.823204 0
7355 0.822162 0
7360 0.821122 0
7365 0.820084 0
7370 0.819045 0
7375 0.818006 0
7380 0.816967 0
7385 0.815927 0
7390 0.814887 0
7395 0.813847 0
7400 0.812807 0
7405 0.811767 0
7410 0.810727 0
7415 0.809687 0
7420 0.808647 0
7425 0.807608 0
7430 0.806569 0
7435 0.80553 0
7440 0.804492 0
7445 0.803455 0
7450 0.802418 0
7455 0.801382 0
7460 0.800346 0
7465 0.799312 0
7470 0.798278 0
7475 0.797245 0
7480 0.796214 0
7485 0.795183 0
7490 0.794154 0
7495 0.793125 0
7500 0.792098 0
7505 0.791073 0
7510 0.790048 0
7515 0.789025 0
7520 0.788004 0
7525 0.786984 0
7530 0.785965 0
7535 0.784949 0
7540 0.783934 0
7545 0.78292 0
7550 0.781908 0
7555 0.780898 0
7560 0.77989 0
7565 0.778884 0
7570 0.777879 0
7575 0.776877 0
7580 0.775877 0
7585 0.774878 0
7590 0.773881 0
7595 0.772886 0
7600 0.771893 0
7605 0.770902 0
7610 0.769913 0
7615 0.768925 0
7620 0.767939 0
7625 0.766953 0
7630 0.765967 0
7635 0.76498 0
7640 0.763994 0
7645 0.763006 0
7650 0.762019 0
7655 0.761031 0
7660 0.760044 0
7665 0.759056 0
7670 0.758068 0
7675 0.757079 0
7680 0.756091 0
7685 0.755102 0
7690 0.754114 0
7695 0.753125 0
7700 0.752135 0
7705 0.751146 0
7710 0.750156 0
7715 0.749166 0
7720 0.748176 0
7725 0.747185 0
7730 0.746193 0
7735 0.7452 0
7740 0.744207 0
7745 0.743213 0
7750 0.742218 0
7755 0.741221 0
7760 0.740223 0
7765 0.739223 0
7770 0.738221 0
7775 0.737217 0
7780 0.736211 0
7785 0.735201 0
7790 0.734188 0
7795 0.733172 0
7800 0.732153 0
7805 0.731127 0
7810 0.730097 0
7815 0.729061 0
7820 0.728019 0
7825 0.72697 0
7830 0.725914 0
7835 0.724849 0
7840 0.723774 0
7845 0.722689 0
7850 0.721593 0
7855 0.720484 0
7860 0.719361 0
7865 0.718222 0
7870 0.717067 0
7875 0.715894 0
7880 0.7147 0
7885 0.713484 0
7890 0.712242 0
7895 0.710973 0
7900 0.709676 0
7905 0.708348 0
7910 0.706986 0
7915 0.70559 0
7920 0.704165 0
7925 0.702709 0
7930 0.701213 0
7935 0.699671 0
7940 0.698078 0
7945 0.69643 0
7950 0.694735 0
7955 0.692979 0
7960 0.691165 0
7965 0.689291 0
7970 0.68735 0
7975 0.68536 0
7980 0.683331 0
7985 0.681574 0
7990 0.67987 0
7995 0.678074 0
8000 0.676191 0
8005 0.674299 0
8010 0.672383 0
8015 0.670297 0
8020 0.668167 0
8025 0.666011 0
8030 0.663933 0
8035 0.66255 0
8040 0.660984 0
8045 0.659632 0
8050 0.658144 0
8055 0.656236 0
8060 0.654527 0
8065 0.652502 0
8070 0.650629 0
8075 0.648229 0
8080 0.645931 0
8085 0.643159 0
8090 0.640566 0
8095 0.63746 0
8100 0.634126 0
8105 0.630772 0
8110 0.626984 0
8115 0.62269 0
8120 0.61834 0
8125 0.613456 0
8130 0.608457 0
8135 0.602456 0
8140 0.59671 0
8145 0.590324 0
8150 0.583519 0
8155 0.576017 0
8160 0.568264 0
8165 0.560044 0
8170 0.550842 0
8175 0.541811 0
8180 0.531569 0
8185 0.520845 0
8190 0.509996 0
8195 0.498243 0
8200 0.486389 0
8205 0.473646 0
8210 0.460531 0
8215 0.446996 0
8220 0.433144 0
8225 0.419398 0
8230 0.40514 0
8235 0.390731 0
8240 0.376336 0
8245 0.362022 0
8250 0.347931 0
8255 0.334145 0
8260 0.320811 0
8265 0.308014 0
8270 0.295919 0
8275 0.28477 0
8280 0.275139 0
8285 0.266542 0
8290 0.259071 0
8295 0.252992 0
8300 0.248272 0
8305 0.245068 0
8310 0.243275 0
8315 0.243527 0
8320 0.253847 0
8325 0.263969 0
8330 0.274639 0
8335 0.283998 0
8340 0.294434 0
8345 0.305453 0
8350 0.313556 0
8355 0.32193 0
8360 0.330467 0
8365 0.339134 0
8370 0.343671 0
8375 0.352226 0
8380 0.356523 0
8385 0.360862 0
8390 0.369451 0
8395 0.373566 0
8400 0.377772 0
8405 0.38199 0
8410 0.386168 0
8415 0.390594 0
8420 0.39521 0
8425 0.400336 0
8430 0.402007 0
8435 0.413833 0
8440 0.432805 0
8445 0.44583 0
8450 0.465111 0
8455 0.478959 0
8460 0.493673 0
8465 0.509522 0
8470 0.525344 0
8475 0.538168 0
8480 0.554793 0
8485 0.563062 0
8490 0.576995 0
8495 0.588627 0
8500 0.603083 0
8505 0.611838 0
8510 0.620688 0
8515 0.632126 0
8520 0.640878 0
8525 0.649642 0
8530 0.658419 0
8535 0.667179 0
8540 0.675903 0
8545 0.68462 0
8550 0.686295 0
8555 0.694712 0
8560 0.703089 0
8565 0.70423 0
8570 0.712237 0
8575 0.72029 0
8580 0.720643 0
8585 0.728334 0
8590 0.72822 0
8595 0.728039 0
8600 0.734948 0
8605 0.734139 0
8610 0.733212 0
8615 0.739382 0
8620 0.737771 0
8625 0.73593 0
8630 0.733868 0
8635 0.738972 0
8640 0.736227 0
8645 0.733195 0
8650 0.729886 0
8655 0.726297 0
8660 0.72243 0
8665 0.718297 0
8670 0.71391 0
8675 0.709304 0
8680 0.704561 0
8685 0.700466 0
8690 0.696493 0
8695 0.694036 0
8700 0.691576 0
8705 0.688247 0
8710 0.685461 0
8715 0.682527 0
8720 0.679767 0
8725 0.676603 0
8730 0.673611 0
8735 0.670305 0
8740 0.666838 0
8745 0.663677 0
8750 0.660374 0
8755 0.657406 0
8760 0.653797 0
8765 0.650261 0
8770 0.646813 0
8775 0.643461 0
8780 0.640211 0
8785 0.637071 0
8790 0.634047 0
8795 0.630573 0
8800 0.627768 0
8805 0.625115 0
8810 0.621672 0
8815 0.61865 0
8820 0.616377 0
8825 0.612694 0
8830 0.610666 0
8835 0.607269 0
8840 0.605551 0
8845 0.602418 0
8850 0.600984 0
8855 0.598097 0
8860 0.596306 0
8865 0.594243 0
8870 0.591669 0
8875 0.590182 0
8880 0.5878 0
8885 0.585521 0
8890 0.583966 0
8895 0.581892 0
8900 0.580893 0
8905 0.578977 0
8910 0.577125 0
8915 0.575335 0
8920 0.573606 0
8925 0.571935 0
8930 0.570318 0
8935 0.568747 0
8940 0.567218 0
8945 0.565717 0
8950 0.564229 0
8955 0.562756 0
8960 0.561291 0
8965 0.559841 0
8970 0.558402 0
8975 0.556985 0
8980 0.555577 0
8985 0.554189 0
8990 0.552813 0
8995 0.551467 0
9000 0.550133 0
9005 0.548811 0
9010 0.547499 0
9015 0.546204 0
9020 0.544923 0
9025 0.543658 0
9030 0.542408 0
9035 0.541173 0
9040 0.539954 0
9045 0.538751 0
9050 0.537564 0
9055 0.536395 0
9060 0.535242 0
9065 0.534106 0
9070 0.532989 0
9075 0.531899 0
9080 0.530832 0
9085 0.529782 0
9090 0.528747 0
9095 0.527731 0
9100 0.526728 0
9105 0.525743 0
9110 0.524775 0
9115 0.523823 0
9120 0.522888 0
9125 0.521961 0
9130 0.521057 0
9135 0.52016 0
9140 0.519285 0
9145 0.518415 0
9150 0.517559 0
9155 0.516716 0
9160 0.515885 0
9165 0.515065 0
9170 0.514256 0
9175 0.513457 0
9180 0.512668 0
9185 0.511887 0
9190 0.511106 0
9195 0.510342 0
9200 0.509586 0
9205 0.508828 0
9210 0.508086 0
9215 0.507351 0
9220 0.506612 0
9225 0.505889 0
9230 0.505162 0
9235 0.50445 0
9240 0.503732 0
9245 0.50302 0
9250 0.502322 0
9255 0.501617 0
9260 0.500917 0
9265 0.50023 0
9270 0.499536 0
9275 0.498845 0
9280 0.498157 0
9285 0.497472 0
9290 0.496798 0
9295 0.496117 0
9300 0.495437 0
9305 0.49476 0
9310 0.494084 0
9315 0.493409 0
9320 0.492736 0
9325 0.492063 0
9330 0.491391 0
9335 0.490719 0
9340 0.490048 0
9345 0.489377 0
9350 0.488707 0
9355 0.488036 0
9360 0.487365 0
9365 0.486693 0
9370 0.486021 0
9375 0.485348 0
9380 0.484674 0
9385 0.483999 0
9390 0.483322 0
9395 0.482643 0
9400 0.481963 0
9405 0.48128 0
9410 0.480595 0
9415 0.479908 0
9420 0.479217 0
9425 0.478523 0
9430 0.477825 0
9435 0.477122 0
9440 0.476416 0
9445 0.475704 0
9450 0.474988 0
9455 0.474265 0
9460 0.473536 0
9465 0.472801 0
9470 0.472058 0
9475 0.471307 0
9480 0.470547 0
9485 0.469779 0
9490 0.469001 0
9495 0.468213 0
9500 0.467413 0
9505 0.466601 0
9510 0.465777 0
9515 0.46494 0
9520 0.464088 0
9525 0.463221 0
9530 0.462339 0
9535 0.46144 0
9540 0.460522 0
9545 0.459588 0
9550 0.458633 0
9555 0.457658 0
9560 0.456663 0
9565 0.455646 0
9570 0.454608 0
9575 0.453547 0
9580 0.452464 0
9585 0.45136 0
9590 0.450236 0
9595 0.449107 0
9600 0.448034 0
9605 0.446927 0
9610 0.44582 0
9615 0.444693 0
9620 0.443539 0
9625 0.442392 0
9630 0.441323 0
9635 0.440558 0
9640 0.440184 0
9645 0.439815 0
9650 0.439586 0
9655 0.439096 0
9660 0.43888 0
9665 0.438497 0
9670 0.438189 0
9675 0.438103 0
9680 0.438066 0
9685 0.437765 0
9690 0.437834 0
9695 0.437618 0
9700 0.437353 0
9705 0.437621 0
9710 0.437498 0
9715 0.437347 0
9720 0.437252 0
9725 0.437245 0
9730 0.437198 0
9735 0.43713 0
9740 0.437225 0
9745 0.436769 0
9750 0.43683 0
9755 0.436864 0
9760 0.436978 0
9765 0.43659 0
9770 0.436736 0
9775 0.436381 0
9780 0.436504 0
9785 0.436705 0
9790 0.436269 0
9795 0.436437 0
9800 0.436168 0
9805 0.435756 0
9810 0.435934 0
9815 0.435624 0
9820 0.43571 0
9825 0.435448 0
9830 0.435024 0
9835 0.43471 0
9840 0.434779 0
9845 0.434339 0
9850 0.433998 0
9855 0.433546 0
9860 0.433196 0
9865 0.433225 0
9870 0.432738 0
9875 0.432241 0
9880 0.431844 0
9885 0.431323 0
9890 0.43079 0
9895 0.430247 0
9900 0.429692 0
9905 0.429236 0
9910 0.428657 0
9915 0.428066 0
9920 0.427464 0
9925 0.426853 0
9930 0.426232 0
9935 0.425601 0
9940 0.424961 0
9945 0.424316 0
9950 0.423667 0
9955 0.423012 0
9960 0.422352 0
9965 0.421687 0
9970 0.421025 0
9975 0.420362 0
9980 0.419695 0
9985 0.419028 0
9990 0.41836 0
9995 0.417693 0
10000 0.417026 0

