3300 0.203779 0
3305 0.225268 0
3310 0.242442 0
3315 0.253619 0
3320 0.258337 0
3325 0.257945 0
3330 0.254959 0
3335 0.251354 0
3340 0.24785 0
3345 0.24473 0
3350 0.242106 0
3355 0.239459 0
3360 0.235854 0
3365 0.230975 0
3370 0.225188 0
3375 0.218984 0
3380 0.213194 0
3385 0.208913 0
3390 0.20696 0
3395 0.207512 0
3400 0.209733 0
3405 0.211854 0
3410 0.212144 0
3415 0.209897 0
3420 0.205404 0
3425 0.198607 0
3430 0.189332 0
3435 0.178462 0
3440 0.167989 0
3445 0.15933 0
3450 0.152768 0
3455 0.147971 0
3460 0.144321 0
3465 0.141016 0
3470 0.137504 0
3475 0.133906 0
3480 0.130735 0
3485 0.128434 0
3490 0.126922 0
3495 0.126094 0
3500 0.12618 0
3505 0.127608 0
3510 0.130661 0
3515 0.135401 0
3520 0.141506 0
3525 0.148004 0
3530 0.153674 0
3535 0.15757 0
3540 0.159549 0
3545 0.160619 0
3550 0.162547 0
3555 0.166966 0
3560 0.174487 0
3565 0.184765 0
3570 0.196532 0
3575 0.207677 0
3580 0.215904 0
3585 0.219528 0
3590 0.218178 0
3595 0.212664 0
3600 0.204282 0
3605 0.194679 0
3610 0.185581 0
3615 0.178389 0
3620 0.174184 0
3625 0.173718 0
3630 0.177736 0
3635 0.186925 0
3640 0.201776 0
3645 0.22247 0
3650 0.248324 0
3655 0.277797 0
3660 0.308544 0
3665 0.337506 0
3670 0.361369 0
3675 0.376786 0
3680 0.383562 0
3685 0.382829 0
3690 0.376824 0
3695 0.367916 0
3700 0.3583 0
3705 0.349161 0
3710 0.341108 0
3715 0.333708 0
3720 0.326254 0
3725 0.317943 0
3730 0.308095 0
3735 0.296091 0
3740 0.281491 0
3745 0.264469 0
3750 0.245767 0
3755 0.226538 0
3760 0.207975 0
3765 0.190939 0
3770 0.176072 0
3775 0.163704 0
3780 0.153947 0
3785 0.146823 0
3790 0.142259 0
3795 0.140133 0
3800 0.140323 0
3805 0.142724 0
3810 0.147311 0
3815 0.15426 0
3820 0.164055 0
3825 0.177396 0
3830 0.195133 0
3835 0.218244 0
3840 0.247282 0
3845 0.282193 0
3850 0.3229 0
3855 0.369428 0
3860 0.421373 0
3865 0.477844 0
3870 0.54359 0
3875 0.599927 0
3880 0.643664 0
3885 0.676288 0
3890 0.698373 0
3895 0.710206 0
3900 0.717293 0
3905 0.719631 0
3910 0.721626 0
3915 0.721302 0
3920 0.718675 0
3925 0.715377 0
3930 0.711992 0
3935 0.709575 0
3940 0.708893 0
3945 0.713631 0
3950 0.724204 0
3955 0.74339 0
3960 0.775022 0
3965 0.821443 0
3970 0.872407 0
3975 0.921242 0
3980 0.962313 0
3985 0.993156 0
3990 1.00925 0
3995 1.01496 0
4000 1.0062 0
4005 0.989762 0
4010 0.960446 0
4015 0.926659 0
4020 0.889719 0
4025 0.854586 0
4030 0.817434 0
4035 0.774784 0
4040 0.730167 0
4045 0.685766 0
4050 0.64725 0
4055 0.613213 0
4060 0.585012 0
4065 0.561103 0
4070 0.538617 0
4075 0.513565 0
4080 0.485588 0
4085 0.454299 0
4090 0.422502 0
4095 0.392952 0
4100 0.368489 0
4105 0.350139 0
4110 0.338654 0
4115 0.333333 0
4120 0.33334 0
4125 0.337754 0
4130 0.343306 0
4135 0.346852 0
4140 0.345577 0
4145 0.338114 0
4150 0.327124 0
4155 0.3151 0
4160 0.30368 0
4165 0.294509 0
4170 0.288073 0
4175 0.284644 0
4180 0.284529 0
4185 0.287798 0
4190 0.294434 0
4195 0.304187 0
4200 0.316382 0
4205 0.329928 0
4210 0.343367 0
4215 0.355422 0
4220 0.364729 0
4225 0.370041 0
4230 0.371289 0
4235 0.368525 0
4240 0.36338 0
4245 0.357383 0
4250 0.35188 0
4255 0.347934 0
4260 0.346409 0
4265 0.347624 0
4270 0.351333 0
4275 0.357094 0
4280 0.364464 0
4285 0.373035 0
4290 0.382136 0
4295 0.39066 0
4300 0.397568 0
4305 0.402671 0
4310 0.406397 0
4315 0.4101 0
4320 0.414393 0
4325 0.419383 0
4330 0.425733 0
4335 0.434148 0
4340 0.44411 0
4345 0.453538 0
4350 0.460481 0
4355 0.463848 0
4360 0.46041 0
4365 0.452783 0
4370 0.442736 0
4375 0.431276 0
4380 0.417982 0
4385 0.403154 0
4390 0.388006 0
4395 0.373629 0
4400 0.360808 0
4405 0.350606 0
4410 0.343229 0
4415 0.338725 0
4420 0.337263 0
4425 0.339235 0
4430 0.345331 0
4435 0.356361 0
4440 0.372993 0
4445 0.395817 0
4450 0.425421 0
4455 0.46334 0
4460 0.510151 0
4465 0.567018 0
4470 0.633854 0
4475 0.696914 0
4480 0.750143 0
4485 0.793181 0
4490 0.824 0
4495 0.848306 0
4500 0.865069 0
4505 0.87563 0
4510 0.888569 0
4515 0.909966 0
4520 0.923542 0
4525 0.92857 0
4530 0.926553 0
4535 0.919105 0
4540 0.913565 0
4545 0.91264 0
4550 0.922654 0
4555 0.965633 0
4560 1.00484 0
4565 1.04348 0
4570 1.07708 0
4575 1.11173 0
4580 1.14107 0
4585 1.16052 0
4590 1.18807 0
4595 1.20543 0
4600 1.22178 0
4605 1.22447 0
4610 1.23961 0
4615 1.24178 0
4620 1.24581 0
4625 1.24903 0
4630 1.24694 0
4635 1.23411 0
4640 1.22592 0
4645 1.20409 0
4650 1.1847 0
4655 1.15199 0
4660 1.13618 0
4665 1.11055 0
4670 1.07983 0
4675 1.04838 0
4680 1.03286 0
4685 1.04066 0
4690 1.03951 0
4695 1.04294 0
4700 1.0304 0
4705 1.02374 0
4710 1.01029 0
4715 0.985132 0
4720 0.955352 0
4725 0.930141 0
4730 0.904372 0
4735 0.878043 0
4740 0.84818 0
4745 0.819876 0
4750 0.79007 0
4755 0.755587 0
4760 0.716795 0
4765 0.67704 0
4770 0.639598 0
4775 0.603426 0
4780 0.576026 0
4785 0.555156 0
4790 0.545343 0
4795 0.545618 0
4800 0.555996 0
4805 0.582311 0
4810 0.609985 0
4815 0.631791 0
4820 0.649467 0
4825 0.659495 0
4830 0.672952 0
4835 0.679875 0
4840 0.678484 0
4845 0.666144 0
4850 0.650008 0
4855 0.628491 0
4860 0.607943 0
4865 0.589759 0
4870 0.576041 0
4875 0.56583 0
4880 0.562015 0
4885 0.564938 0
4890 0.578907 0
4895 0.601109 0
4900 0.637248 0
4905 0.691447 0
4910 0.742012 0
4915 0.79115 0
4920 0.834849 0
4925 0.871683 0
4930 0.904417 0
4935 0.930222 0
4940 0.959355 0
4945 0.99525 0
4950 1.01719 0
4955 1.03601 0
4960 1.04717 0
4965 1.04533 0
4970 1.0344 0
4975 1.01457 0
4980 0.985959 0
4985 0.947062 0
4990 0.902524 0
4995 0.857442 0
5000 0.808481 0
5005 0.762753 0
5010 0.716443 0
5015 0.675851 0
5020 0.642698 0
5025 0.614432 0
5030 0.591935 0
5035 0.5764 0
5040 0.565938 0
5045 0.558658 0
5050 0.555109 0
5055 0.558282 0
5060 0.566495 0
5065 0.574406 0
5070 0.57818 0
5075 0.581268 0
5080 0.584297 0
5085 0.588066 0
5090 0.594597 0
5095 0.604391 0
5100 0.618798 0
5105 0.637384 0
5110 0.657707 0
5115 0.672904 0
5120 0.686276 0
5125 0.698249 0
5130 0.710872 0
5135 0.728921 0
5140 0.753889 0
5145 0.774946 0
5150 0.789466 0
5155 0.799246 0
5160 0.804312 0
5165 0.802366 0
5170 0.800451 0
5175 0.797611 0
5180 0.807065 0
5185 0.819014 0
5190 0.831867 0
5195 0.841305 0
5200 0.857928 0
5205 0.868367 0
5210 0.871284 0
5215 0.874301 0
5220 0.869267 0
5225 0.863975 0
5230 0.86083 0
5235 0.856633 0
5240 0.848951 0
5245 0.84541 0
5250 0.838227 0
5255 0.832204 0
5260 0.828862 0
5265 0.830932 0
5270 0.835409 0
5275 0.841049 0
5280 0.853275 0
5285 0.868984 0
5290 0.885659 0
5295 0.900105 0
5300 0.912655 0
5305 0.921377 0
5310 0.928705 0
5315 0.933296 0
5320 0.937958 0
5325 0.943144 0
5330 0.935445 0
5335 0.925758 0
5340 0.910715 0
5345 0.889207 0
5350 0.86533 0
5355 0.837132 0
5360 0.806529 0
5365 0.776953 0
5370 0.749578 0
5375 0.729413 0
5380 0.714093 0
5385 0.725085 0
5390 0.751033 0
5395 0.775242 0
5400 0.798436 0
5405 0.82398 0
5410 0.844689 0
5415 0.859026 0
5420 0.882813 0
5425 0.897875 0
5430 0.918982 0
5435 0.929173 0
5440 0.946067 0
5445 0.956727 0
5450 0.972424 0
5455 0.974881 0
5460 0.973324 0
5465 0.966055 0
5470 0.955406 0
5475 0.94171 0
5480 0.926271 0
5485 0.897174 0
5490 0.874505 0
5495 0.845871 0
5500 0.826802 0
5505 0.804288 0
5510 0.801769 0
5515 0.79872 0
5520 0.804369 0
5525 0.820561 0
5530 0.832404 0
5535 0.849949 0
5540 0.881251 0
5545 0.909607 0
5550 0.939802 0
5555 0.972735 0
5560 1.00336 0
5565 1.03572 0
5570 1.06745 0
5575 1.09273 0
5580 1.12429 0
5585 1.1505 0
5590 1.17637 0
5595 1.19593 0
5600 1.22428 0
5605 1.23787 0
5610 1.25746 0
5615 1.27555 0
5620 1.29139 0
5625 1.30529 0
5630 1.3188 0
5635 1.3309 0
5640 1.33315 0
5645 1.33843 0
5650 1.33745 0
5655 1.33828 0
5660 1.33158 0
5665 1.32127 0
5670 1.31269 0
5675 1.29647 0
5680 1.27656 0
5685 1.25019 0
5690 1.22044 0
5695 1.18486 0
5700 1.14731 0
5705 1.10863 0
5710 1.06656 0
5715 1.02282 0
5720 0.974625 0
5725 0.927157 0
5730 0.881828 0
5735 0.851274 0
5740 0.837209 0
5745 0.832769 0
5750 0.828832 0
5755 0.8307 0
5760 0.827861 0
5765 0.827501 0
5770 0.83004 0
5775 0.838246 0
5780 0.847281 0
5785 0.85424 0
5790 0.869118 0
5795 0.879346 0
5800 0.889764 0
5805 0.896427 0
5810 0.905047 0
5815 0.909721 0
5820 0.913059 0
5825 0.917569 0
5830 0.91902 0
5835 0.917327 0
5840 0.918722 0
5845 0.923529 0
5850 0.927291 0
5855 0.929487 0
5860 0.938585 0
5865 0.941875 0
5870 0.947701 0
5875 0.955457 0
5880 0.957224 0
5885 0.962355 0
5890 0.963114 0
5895 0.969955 0
5900 0.973171 0
5905 0.971713 0
5910 0.973548 0
5915 0.973635 0
5920 0.97761 0
5925 0.979275 0
5930 0.978162 0
5935 0.973776 0
5940 0.966383 0
5945 0.959316 0
5950 0.947179 0
5955 0.932483 0
5960 0.916738 0
5965 0.893693 0
5970 0.873749 0
5975 0.852503 0
5980 0.846895 0
5985 0.85163 0
5990 0.858523 0
5995 0.866747 0
6000 0.873891 0
6005 0.881976 0
6010 0.893474 0
6015 0.898357 0
6020 0.90496 0
6025 0.911302 0
6030 0.916725 0
6035 0.922785 0
6040 0.918383 0
6045 0.920534 0
6050 0.915237 0
6055 0.90533 0
6060 0.896121 0
6065 0.884576 0
6070 0.87019 0
6075 0.857704 0
6080 0.847523 0
6085 0.847587 0
6090 0.853681 0
6095 0.862163 0
6100 0.862142 0
6105 0.863687 0
6110 0.85377 0
6115 0.84939 0
6120 0.850368 0
6125 0.8491 0
6130 0.848429 0
6135 0.848347 0
6140 0.84676 0
6145 0.853713 0
6150 0.855222 0
6155 0.858169 0
6160 0.866564 0
6165 0.873788 0
6170 0.883301 0
6175 0.890093 0
6180 0.896774 0
6185 0.905138 0
6190 0.905683 0
6195 0.902865 0
6200 0.903211 0
6205 0.893766 0
6210 0.890198 0
6215 0.878482 0
6220 0.862777 0
6225 0.845258 0
6230 0.8235 0
6235 0.812109 0
6240 0.816166 0
6245 0.818259 0
6250 0.821331 0
6255 0.825929 0
6260 0.828517 0
6265 0.83334 0
6270 0.833004 0
6275 0.832514 0
6280 0.823473 0
6285 0.811641 0
6290 0.800464 0
6295 0.783625 0
6300 0.762885 0
6305 0.741383 0
6310 0.717224 0
6315 0.68863 0
6320 0.661215 0
6325 0.635758 0
6330 0.614026 0
6335 0.598544 0
6340 0.58176 0
6345 0.567534 0
6350 0.553643 0
6355 0.542251 0
6360 0.531322 0
6365 0.51984 0
6370 0.510302 0
6375 0.503661 0
6380 0.500536 0
6385 0.499855 0
6390 0.50124 0
6395 0.521333 0
6400 0.547444 0
6405 0.5735 0
6410 0.59901 0
6415 0.621246 0
6420 0.64493 0
6425 0.664268 0
6430 0.690934 0
6435 0.720363 0
6440 0.750551 0
6445 0.777325 0
6450 0.808624 0
6455 0.832364 0
6460 0.860688 0
6465 0.885673 0
6470 0.907467 0
6475 0.928568 0
6480 0.950498 0
6485 0.97069 0
6490 0.986395 0
6495 1.00573 0
6500 1.02068 0
6505 1.03034 0
6510 1.04695 0
6515 1.0576 0
6520 1.07098 0
6525 1.07855 0
6530 1.09052 0
6535 1.09649 0
6540 1.10084 0
6545 1.10734 0
6550 1.11464 0
6555 1.11682 0
6560 1.12287 0
6565 1.12305 0
6570 1.12714 0
6575 1.12544 0
6580 1.12491 0
6585 1.12463 0
6590 1.12028 0
6595 1.11412 0
6600 1.1075 0
6605 1.09818 0
6610 1.09075 0
6615 1.08408 0
6620 1.07702 0
6625 1.06766 0
6630 1.05844 0
6635 1.0471 0
6640 1.0359 0
6645 1.02238 0
6650 1.01147 0
6655 1.00341 0
6660 0.99838 0
6665 0.98872 0
6670 0.982207 0
6675 0.974436 0
6680 0.970075 0
6685 0.963676 0
6690 0.959035 0
6695 0.954599 0
6700 0.95195 0
6705 0.946479 0
6710 0.941954 0
6715 0.938348 0
6720 0.934311 0
6725 0.931365 0
6730 0.929395 0
6735 0.926662 0
6740 0.924528 0
6745 0.92132 0
6750 0.917987 0
6755 0.915346 0
6760 0.913386 0
6765 0.909608 0
6770 0.905465 0
6775 0.899894 0
6780 0.896144 0
6785 0.888688 0
6790 0.885438 0
6795 0.878538 0
6800 0.86949 0
6805 0.864646 0
6810 0.855675 0
6815 0.847946 0
6820 0.845127 0
6825 0.845218 0
6830 0.845544 0
6835 0.847473 0
6840 0.848583 0
6845 0.850397 0
6850 0.851541 0
6855 0.855951 0
6860 0.853576 0
6865 0.857141 0
6870 0.860462 0
6875 0.85841 0
6880 0.862484 0
6885 0.862443 0
6890 0.864181 0
6895 0.868305 0
6900 0.868574 0
6905 0.870945 0
6910 0.87266 0
6915 0.871376 0
6920 0.87334 0
6925 0.876686 0
6930 0.878192 0
6935 0.875274 0
6940 0.87604 0
6945 0.874733 0
6950 0.874237 0
6955 0.87176 0
6960 0.87083 0
6965 0.866011 0
6970 0.861085 0
6975 0.855131 0
6980 0.852047 0
6985 0.844302 0
6990 0.835674 0
6995 0.827529 0
7000 0.82025 0
7005 0.812208 0
7010 0.804103 0
7015 0.794752 0
7020 0.787123 0
7025 0.782099 0
7030 0.779546 0
7035 0.777154 0
7040 0.776054 0
7045 0.776545 0
7050 0.775402 0
7055 0.77477 0
7060 0.774299 0
7065 0.772566 0
7070 0.769058 0
7075 0.767926 0
7080 0.764104 0
7085 0.764225 0
7090 0.758735 0
7095 0.754184 0
7100 0.75036 0
7105 0.747128 0
7110 0.742252 0
7115 0.741448 0
7120 0.738657 0
7125 0.739719 0
7130 0.741446 0
7135 0.745885 0
7140 0.745331 0
7145 0.749346 0
7150 0.751372 0
7155 0.750584 0
7160 0.750265 0
7165 0.751773 0
7170 0.751829 0
7175 0.757792 0
7180 0.758129 0
7185 0.760595 0
7190 0.761893 0
7195 0.762274 0
7200 0.764371 0
7205 0.766119 0
7210 0.766723 0
7215 0.766466 0
7220 0.765965 0
7225 0.765286 0
7230 0.764515 0
7235 0.762826 0
7240 0.761308 0
7245 0.758821 0
7250 0.757476 0
7255 0.754725 0
7260 0.754477 0
7265 0.753683 0
7270 0.751062 0
7275 0.751148 0
7280 0.75087 0
7285 0.748349 0
7290 0.743942 0
7295 0.74291 0
7300 0.740321 0
7305 0.738261 0
7310 0.734516 0
7315 0.731278 0
7320 0.73166 0
7325 0.731531 0
7330 0.731723 0
7335 0.73418 0
7340 0.733311 0
7345 0.732251 0
7350 0.732124 0
7355 0.730304 0
7360 0.728902 0
7365 0.726691 0
7370 0.723162 0
7375 0.725113 0
7380 0.727317 0
7385 0.731609 0
7390 0.732958 0
7395 0.734244 0
7400 0.737574 0
7405 0.74014 0
7410 0.74189 0
7415 0.742109 0
7420 0.745535 0
7425 0.746088 0
7430 0.745278 0
7435 0.745817 0
7440 0.7462 0
7445 0.744538 0
7450 0.743961 0
7455 0.740749 0
7460 0.740007 0
7465 0.737211 0
7470 0.733002 0
7475 0.731506 0
7480 0.727345 0
7485 0.723071 0
7490 0.716133 0
7495 0.712397 0
7500 0.70463 0
7505 0.695969 0
7510 0.687862 0
7515 0.680868 0
7520 0.674683 0
7525 0.666832 0
7530 0.657282 0
7535 0.646404 0
7540 0.634727 0
7545 0.62171 0
7550 0.607773 0
7555 0.594164 0
7560 0.579538 0
7565 0.563881 0
7570 0.553936 0
7575 0.555552 0
7580 0.557482 0
7585 0.559839 0
7590 0.56007 0
7595 0.561904 0
7600 0.565535 0
7605 0.565698 0
7610 0.566898 0
7615 0.568868 0
7620 0.571099 0
7625 0.57131 0
7630 0.57909 0
7635 0.58023 0
7640 0.583245 0
7645 0.594225 0
7650 0.5996 0
7655 0.606887 0
7660 0.614368 0
7665 0.621313 0
7670 0.628158 0
7675 0.635342 0
7680 0.637032 0
7685 0.643215 0
7690 0.649886 0
7695 0.651104 0
7700 0.656195 0
7705 0.65455 0
7710 0.659956 0
7715 0.657361 0
7720 0.659342 0
7725 0.655633 0
7730 0.656463 0
7735 0.652323 0
7740 0.649885 0
7745 0.650774 0
7750 0.654366 0
7755 0.655917 0
7760 0.655683 0
7765 0.654366 0
7770 0.653099 0
7775 0.652417 0
7780 0.651781 0
7785 0.653018 0
7790 0.65606 0
7795 0.65828 0
7800 0.661048 0
7805 0.661766 0
7810 0.663427 0
7815 0.66517 0
7820 0.666571 0
7825 0.666798 0
7830 0.666914 0
7835 0.669214 0
7840 0.67217 0
7845 0.67156 0
7850 0.674419 0
7855 0.675866 0
7860 0.676281 0
7865 0.675569 0
7870 0.677312 0
7875 0.676778 0
7880 0.678646 0
7885 0.681075 0
7890 0.682834 0
7895 0.684386 0
7900 0.685197 0
7905 0.684996 0
7910 0.68511 0
7915 0.68291 0
7920 0.682442 0
7925 0.681491 0
7930 0.677773 0
7935 0.671992 0
7940 0.666772 0
7945 0.660043 0
7950 0.654798 0
7955 0.645478 0
7960 0.63414 0
7965 0.62397 0
7970 0.615418 0
7975 0.606141 0
7980 0.594835 0
7985 0.58939 0
7990 0.584728 0
7995 0.578384 0
8000 0.572952 0
8005 0.567889 0
8010 0.565396 0
8015 0.562837 0
8020 0.561829 0
8025 0.560098 0
8030 0.560191 0
8035 0.558982 0
8040 0.558386 0
8045 0.559927 0
8050 0.559167 0
8055 0.557206 0
8060 0.558352 0
8065 0.557515 0
8070 0.560445 0
8075 0.558551 0
8080 0.559213 0
8085 0.56235 0
8090 0.561949 0
8095 0.56281 0
8100 0.563744 0
8105 0.561384 0
8110 0.559985 0
8115 0.558192 0
8120 0.558521 0
8125 0.557053 0
8130 0.555394 0
8135 0.553498 0
8140 0.551408 0
8145 0.545423 0
8150 0.541563 0
8155 0.535849 0
8160 0.529153 0
8165 0.522784 0
8170 0.514275 0
8175 0.50893 0
8180 0.498742 0
8185 0.488487 0
8190 0.477135 0
8195 0.464683 0
8200 0.45361 0
8205 0.439345 0
8210 0.425644 0
8215 0.410446 0
8220 0.396297 0
8225 0.382148 0
8230 0.369172 0
8235 0.356706 0
8240 0.345103 0
8245 0.332536 0
8250 0.321289 0
8255 0.309078 0
8260 0.298843 0
8265 0.288789 0
8270 0.27868 0
8275 0.27033 0
8280 0.263187 0
8285 0.256781 0
8290 0.252343 0
8295 0.247959 0
8300 0.24551 0
8305 0.244597 0
8310 0.244662 0
8315 0.246657 0
8320 0.257117 0
8325 0.267358 0
8330 0.27794 0
8335 0.287119 0
8340 0.297072 0
8345 0.306961 0
8350 0.314498 0
8355 0.322094 0
8360 0.329364 0
8365 0.337229 0
8370 0.340905 0
8375 0.348238 0
8380 0.351638 0
8385 0.355277 0
8390 0.362114 0
8395 0.36527 0
8400 0.368688 0
8405 0.371888 0
8410 0.375156 0
8415 0.378602 0
8420 0.382312 0
8425 0.386549 0
8430 0.387942 0
8435 0.397449 0
8440 0.412367 0
8445 0.422627 0
8450 0.437528 0
8455 0.448226 0
8460 0.460302 0
8465 0.474214 0
8470 0.48836 0
8475 0.500175 0
8480 0.514283 0
8485 0.521939 0
8490 0.534958 0
8495 0.545672 0
8500 0.558047 0
8505 0.565318 0
8510 0.573776 0
8515 0.583958 0
8520 0.591783 0
8525 0.598894 0
8530 0.607116 0
8535 0.614391 0
8540 0.621146 0
8545 0.627128 0
8550 0.628223 0
8555 0.63419 0
8560 0.639402 0
8565 0.640426 0
8570 0.645888 0
8575 0.64997 0
8580 0.649507 0
8585 0.654106 0
8590 0.651748 0
8595 0.650692 0
8600 0.653773 0
8605 0.652986 0
8610 0.651665 0
8615 0.654943 0
8620 0.652027 0
8625 0.650369 0
8630 0.647877 0
8635 0.649654 0
8640 0.648986 0
8645 0.646101 0
8650 0.643773 0
8655 0.641142 0
8660 0.63796 0
8665 0.634697 0
8670 0.63019 0
8675 0.62561 0
8680 0.622183 0
8685 0.616306 0
8690 0.613265 0
8695 0.609633 0
8700 0.607338 0
8705 0.603834 0
8710 0.601659 0
8715 0.599718 0
8720 0.596397 0
8725 0.592953 0
8730 0.588252 0
8735 0.583768 0
8740 0.579413 0
8745 0.57641 0
8750 0.574014 0
8755 0.570689 0
8760 0.56799 0
8765 0.566925 0
8770 0.563609 0
8775 0.562526 0
8780 0.561016 0
8785 0.561301 0
8790 0.560277 0
8795 0.559598 0
8800 0.559432 0
8805 0.558818 0
8810 0.557333 0
8815 0.55671 0
8820 0.557037 0
8825 0.554348 0
8830 0.553603 0
8835 0.551466 0
8840 0.551304 0
8845 0.550099 0
8850 0.548903 0
8855 0.548725 0
8860 0.549176 0
8865 0.549243 0
8870 0.547562 0
8875 0.548267 0
8880 0.547015 0
8885 0.546054 0
8890 0.54597 0
8895 0.545149 0
8900 0.545972 0
8905 0.543595 0
8910 0.54276 0
8915 0.54093 0
8920 0.53953 0
8925 0.537463 0
8930 0.536121 0
8935 0.532934 0
8940 0.530502 0
8945 0.528156 0
8950 0.525719 0
8955 0.521994 0
8960 0.517119 0
8965 0.512519 0
8970 0.50796 0
8975 0.50198 0
8980 0.496145 0
8985 0.488763 0
8990 0.482367 0
8995 0.474215 0
9000 0.466707 0
9005 0.457367 0
9010 0.448994 0
9015 0.44173 0
9020 0.438312 0
9025 0.437972 0
9030 0.438016 0
9035 0.438208 0
9040 0.438428 0
9045 0.44005 0
9050 0.439792 0
9055 0.43998 0
9060 0.441478 0
9065 0.443162 0
9070 0.442125 0
9075 0.444537 0
9080 0.444635 0
9085 0.44775 0
9090 0.448533 0
9095 0.448789 0
9100 0.449648 0
9105 0.450807 0
9110 0.452326 0
9115 0.454537 0
9120 0.456625 0
9125 0.459196 0
9130 0.462107 0
9135 0.461317 0
9140 0.464032 0
9145 0.466841 0
9150 0.465965 0
9155 0.468979 0
9160 0.472706 0
9165 0.471876 0
9170 0.47523 0
9175 0.474663 0
9180 0.478319 0
9185 0.478798 0
9190 0.48022 0
9195 0.48483 0
9200 0.486213 0
9205 0.487191 0
9210 0.491671 0
9215 0.492422 0
9220 0.493055 0
9225 0.494425 0
9230 0.495446 0
9235 0.49958 0
9240 0.5004 0
9245 0.500934 0
9250 0.50164 0
9255 0.501821 0
9260 0.501253 0
9265 0.50154 0
9270 0.500845 0
9275 0.500522 0
9280 0.500006 0
9285 0.499649 0
9290 0.498577 0
9295 0.496716 0
9300 0.496269 0
9305 0.495654 0
9310 0.49517 0
9315 0.492958 0
9320 0.492117 0
9325 0.490453 0
9330 0.489767 0
9335 0.487195 0
9340 0.486141 0
9345 0.483788 0
9350 0.482227 0
9355 0.479321 0
9360 0.477442 0
9365 0.474117 0
9370 0.470742 0
9375 0.467497 0
9380 0.464692 0
9385 0.462077 0
9390 0.458768 0
9395 0.455237 0
9400 0.452846 0
9405 0.449569 0
9410 0.447525 0
9415 0.445804 0
9420 0.443963 0
9425 0.442025 0
9430 0.43941 0
9435 0.437723 0
9440 0.435464 0
9445 0.433048 0
9450 0.430154 0
9455 0.428134 0
9460 0.426205 0
9465 0.422859 0
9470 0.419723 0
9475 0.41727 0
9480 0.414464 0
9485 0.411325 0
9490 0.409342 0
9495 0.407087 0
9500 0.405359 0
9505 0.403782 0
9510 0.40192 0
9515 0.400756 0
9520 0.398297 0
9525 0.396967 0
9530 0.395173 0
9535 0.392121 0
9540 0.390249 0
9545 0.388343 0
9550 0.385899 0
9555 0.384629 0
9560 0.382081 0
9565 0.381044 0
9570 0.378667 0
9575 0.377833 0
9580 0.375562 0
9585 0.373745 0
9590 0.371726 0
9595 0.370062 0
9600 0.367549 0
9605 0.366354 0
9610 0.364129 0
9615 0.361957 0
9620 0.360014 0
9625 0.358149 0
9630 0.357378 0
9635 0.355818 0
9640 0.35467 0
9645 0.353426 0
9650 0.352851 0
9655 0.352585 0
9660 0.352634 0
9665 0.353438 0
9670 0.352443 0
9675 0.352617 0
9680 0.353031 0
9685 0.352147 0
9690 0.352487 0
9695 0.352666 0
9700 0.353313 0
9705 0.353938 0
9710 0.354683 0
9715 0.354739 0
9720 0.356328 0
9725 0.357699 0
9730 0.359904 0
9735 0.362406 0
9740 0.365739 0
9745 0.367245 0
9750 0.370327 0
9755 0.372042 0
9760 0.375379 0
9765 0.377344 0
9770 0.379804 0
9775 0.382699 0
9780 0.385009 0
9785 0.387666 0
9790 0.389754 0
9795 0.39367 0
9800 0.395768 0
9805 0.398218 0
9810 0.400552 0
9815 0.40297 0
9820 0.405732 0
9825 0.407378 0
9830 0.409772 0
9835 0.411572 0
9840 0.41311 0
9845 0.414512 0
9850 0.41577 0
9855 0.416726 0
9860 0.418146 0
9865 0.419045 0
9870 0.419362 0
9875 0.420912 0
9880 0.421331 0
9885 0.422411 0
9890 0.42234 0
9895 0.422965 0
9900 0.422987 0
9905 0.423154 0
9910 0.422775 0
9915 0.421666 0
9920 0.420979 0
9925 0.420703 0
9930 0.419636 0
9935 0.419086 0
9940 0.417695 0
9945 0.416766 0
9950 0.415116 0
9955 0.415145 0
9960 0.413628 0
9965 0.413181 0
9970 0.411347 0
9975 0.409537 0
9980 0.407177 0
9985 0.405206 0
9990 0.402602 0
9995 0.400524 0
10000 0.39784 0

