3300 1.13738 0
3305 1.14015 0
3310 1.1429 0
3315 1.14563 0
3320 1.14834 0
3325 1.15103 0
3330 1.15371 0
3335 1.15636 0
3340 1.159 0
3345 1.16161 0
3350 1.1642 0
3355 1.16677 0
3360 1.16932 0
3365 1.17185 0
3370 1.17436 0
3375 1.17685 0
3380 1.17934 0
3385 1.18181 0
3390 1.18429 0
3395 1.18675 0
3400 1.1892 0
3405 1.19164 0
3410 1.19407 0
3415 1.19649 0
3420 1.19889 0
3425 1.20128 0
3430 1.20366 0
3435 1.20602 0
3440 1.20837 0
3445 1.21069 0
3450 1.213 0
3455 1.21529 0
3460 1.21756 0
3465 1.21981 0
3470 1.22204 0
3475 1.22424 0
3480 1.22642 0
3485 1.22857 0
3490 1.23069 0
3495 1.23278 0
3500 1.23484 0
3505 1.23687 0
3510 1.23886 0
3515 1.24082 0
3520 1.24273 0
3525 1.24459 0
3530 1.24639 0
3535 1.24813 0
3540 1.24979 0
3545 1.25137 0
3550 1.25287 0
3555 1.2543 0
3560 1.25576 0
3565 1.25726 0
3570 1.25881 0
3575 1.2604 0
3580 1.26194 0
3585 1.2635 0
3590 1.26507 0
3595 1.26674 0
3600 1.26837 0
3605 1.27007 0
3610 1.27176 0
3615 1.27348 0
3620 1.27528 0
3625 1.27705 0
3630 1.27887 0
3635 1.28065 0
3640 1.28256 0
3645 1.28447 0
3650 1.28627 0
3655 1.28825 0
3660 1.29014 0
3665 1.29196 0
3670 1.29358 0
3675 1.29528 0
3680 1.29735 0
3685 1.29906 0
3690 1.30063 0
3695 1.30215 0
3700 1.30364 0
3705 1.30569 0
3710 1.30752 0
3715 1.30919 0
3720 1.31061 0
3725 1.31209 0
3730 1.31318 0
3735 1.31412 0
3740 1.3161 0
3745 1.31796 0
3750 1.31949 0
3755 1.32112 0
3760 1.32245 0
3765 1.32371 0
3770 1.32478 0
3775 1.32553 0
3780 1.32646 0
3785 1.32708 0
3790 1.32916 0
3795 1.33126 0
3800 1.33326 0
3805 1.335 0
3810 1.33688 0
3815 1.33852 0
3820 1.33955 0
3825 1.34122 0
3830 1.34219 0
3835 1.34307 0
3840 1.34344 0
3845 1.34406 0
3850 1.3441 0
3855 1.34395 0
3860 1.34366 0
3865 1.34342 0
3870 1.34521 0
3875 1.34775 0
3880 1.34953 0
3885 1.35127 0
3890 1.35332 0
3895 1.35511 0
3900 1.35708 0
3905 1.35863 0
3910 1.36028 0
3915 1.36201 0
3920 1.36381 0
3925 1.36497 0
3930 1.3661 0
3935 1.36786 0
3940 1.36813 0
3945 1.36894 0
3950 1.36957 0
3955 1.36926 0
3960 1.36938 0
3965 1.36848 0
3970 1.36724 0
3975 1.36564 0
3980 1.36367 0
3985 1.36136 0
3990 1.35878 0
3995 1.35651 0
4000 1.35847 0
4005 1.36116 0
4010 1.36335 0
4015 1.36559 0
4020 1.36848 0
4025 1.37102 0
4030 1.37298 0
4035 1.37636 0
4040 1.379 0
4045 1.38193 0
4050 1.38392 0
4055 1.38724 0
4060 1.3895 0
4065 1.39183 0
4070 1.39419 0
4075 1.39653 0
4080 1.39883 0
4085 1.39974 0
4090 1.40182 0
4095 1.40245 0
4100 1.40292 0
4105 1.40319 0
4110 1.40329 0
4115 1.40319 0
4120 1.40291 0
4125 1.40247 0
4130 1.40189 0
4135 1.40119 0
4140 1.40037 0
4145 1.39941 0
4150 1.3983 0
4155 1.39702 0
4160 1.39556 0
4165 1.39389 0
4170 1.39198 0
4175 1.3898 0
4180 1.38731 0
4185 1.38446 0
4190 1.38122 0
4195 1.37753 0
4200 1.37336 0
4205 1.36869 0
4210 1.3635 0
4215 1.35785 0
4220 1.3519 0
4225 1.3465 0
4230 1.35037 0
4235 1.35428 0
4240 1.3581 0
4245 1.36201 0
4250 1.36726 0
4255 1.37176 0
4260 1.37505 0
4265 1.38121 0
4270 1.38586 0
4275 1.39104 0
4280 1.39429 0
4285 1.40028 0
4290 1.4041 0
4295 1.40807 0
4300 1.41215 0
4305 1.41624 0
4310 1.4203 0
4315 1.4243 0
4320 1.42541 0
4325 1.42635 0
4330 1.42969 0
4335 1.43007 0
4340 1.43016 0
4345 1.42997 0
4350 1.42951 0
4355 1.4288 0
4360 1.42787 0
4365 1.4268 0
4370 1.42562 0
4375 1.42443 0
4380 1.4232 0
4385 1.42196 0
4390 1.42073 0
4395 1.41953 0
4400 1.41838 0
4405 1.41729 0
4410 1.41625 0
4415 1.41526 0
4420 1.41435 0
4425 1.41349 0
4430 1.41269 0
4435 1.41196 0
4440 1.41128 0
4445 1.41065 0
4450 1.41007 0
4455 1.40953 0
4460 1.40903 0
4465 1.40856 0
4470 1.40812 0
4475 1.40771 0
4480 1.40732 0
4485 1.40695 0
4490 1.40659 0
4495 1.40625 0
4500 1.40592 0
4505 1.40559 0
4510 1.40527 0
4515 1.40495 0
4520 1.40464 0
4525 1.40432 0
4530 1.404 0
4535 1.40366 0
4540 1.40331 0
4545 1.40293 0
4550 1.40253 0
4555 1.4021 0
4560 1.40165 0
4565 1.40115 0
4570 1.40062 0
4575 1.40004 0
4580 1.39942 0
4585 1.39873 0
4590 1.39799 0
4595 1.39716 0
4600 1.39626 0
4605 1.39526 0
4610 1.39414 0
4615 1.3929 0
4620 1.39151 0
4625 1.38995 0
4630 1.3882 0
4635 1.38622 0
4640 1.38399 0
4645 1.38147 0
4650 1.37861 0
4655 1.37537 0
4660 1.3717 0
4665 1.36754 0
4670 1.36281 0
4675 1.35746 0
4680 1.35142 0
4685 1.3446 0
4690 1.33694 0
4695 1.32838 0
4700 1.31885 0
4705 1.3083 0
4710 1.29671 0
4715 1.28411 0
4720 1.27059 0
4725 1.25636 0
4730 1.24186 0
4735 1.22899 0
4740 1.23563 0
4745 1.2446 0
4750 1.25359 0
4755 1.26275 0
4760 1.27511 0
4765 1.28552 0
4770 1.29278 0
4775 1.30707 0
4780 1.31745 0
4785 1.32913 0
4790 1.33586 0
4795 1.34955 0
4800 1.35777 0
4805 1.36651 0
4810 1.38225 0
4815 1.39168 0
4820 1.39446 0
4825 1.40393 0
4830 1.41333 0
4835 1.41566 0
4840 1.42445 0
4845 1.42596 0
4850 1.43392 0
4855 1.43432 0
4860 1.43417 0
4865 1.43343 0
4870 1.43212 0
4875 1.43026 0
4880 1.42789 0
4885 1.42505 0
4890 1.42188 0
4895 1.41848 0
4900 1.41492 0
4905 1.41136 0
4910 1.40769 0
4915 1.40401 0
4920 1.40037 0
4925 1.39677 0
4930 1.39325 0
4935 1.38984 0
4940 1.38655 0
4945 1.38341 0
4950 1.3804 0
4955 1.37755 0
4960 1.37486 0
4965 1.37231 0
4970 1.36991 0
4975 1.36765 0
4980 1.36553 0
4985 1.36353 0
4990 1.36165 0
4995 1.35988 0
5000 1.35821 0
5005 1.35664 0
5010 1.35514 0
5015 1.35373 0
5020 1.35238 0
5025 1.35109 0
5030 1.34986 0
5035 1.34868 0
5040 1.34754 0
5045 1.34644 0
5050 1.34537 0
5055 1.34432 0
5060 1.34329 0
5065 1.34228 0
5070 1.34128 0
5075 1.34029 0
5080 1.33931 0
5085 1.33835 0
5090 1.33738 0
5095 1.33643 0
5100 1.33547 0
5105 1.33452 0
5110 1.33358 0
5115 1.33264 0
5120 1.33169 0
5125 1.33075 0
5130 1.32982 0
5135 1.32888 0
5140 1.32794 0
5145 1.32701 0
5150 1.32608 0
5155 1.32514 0
5160 1.32421 0
5165 1.32328 0
5170 1.32236 0
5175 1.32143 0
5180 1.32049 0
5185 1.31956 0
5190 1.31861 0
5195 1.31766 0
5200 1.3167 0
5205 1.31574 0
5210 1.31478 0
5215 1.31381 0
5220 1.31283 0
5225 1.31185 0
5230 1.31087 0
5235 1.30988 0
5240 1.3089 0
5245 1.3079 0
5250 1.30691 0
5255 1.30592 0
5260 1.30492 0
5265 1.30392 0
5270 1.30292 0
5275 1.30192 0
5280 1.30092 0
5285 1.29992 0
5290 1.29892 0
5295 1.29792 0
5300 1.29691 0
5305 1.29591 0
5310 1.2949 0
5315 1.29389 0
5320 1.29287 0
5325 1.29185 0
5330 1.29082 0
5335 1.28978 0
5340 1.28875 0
5345 1.2877 0
5350 1.28666 0
5355 1.28561 0
5360 1.28456 0
5365 1.2835 0
5370 1.28244 0
5375 1.28139 0
5380 1.28032 0
5385 1.27926 0
5390 1.2782 0
5395 1.27713 0
5400 1.27607 0
5405 1.275 0
5410 1.27394 0
5415 1.27287 0
5420 1.2718 0
5425 1.27074 0
5430 1.26967 0
5435 1.26861 0
5440 1.26753 0
5445 1.26646 0
5450 1.26538 0
5455 1.26429 0
5460 1.2632 0
5465 1.26211 0
5470 1.26101 0
5475 1.25991 0
5480 1.2588 0
5485 1.2577 0
5490 1.25659 0
5495 1.25548 0
5500 1.25437 0
5505 1.25325 0
5510 1.25214 0
5515 1.25102 0
5520 1.24991 0
5525 1.24879 0
5530 1.24767 0
5535 1.24656 0
5540 1.24544 0
5545 1.24432 0
5550 1.2432 0
5555 1.24209 0
5560 1.24098 0
5565 1.23985 0
5570 1.23873 0
5575 1.23759 0
5580 1.23645 0
5585 1.2353 0
5590 1.23415 0
5595 1.23299 0
5600 1.23183 0
5605 1.23066 0
5610 1.22949 0
5615 1.22831 0
5620 1.22713 0
5625 1.22595 0
5630 1.22477 0
5635 1.22358 0
5640 1.22239 0
5645 1.2212 0
5650 1.22 0
5655 1.21881 0
5660 1.21762 0
5665 1.21642 0
5670 1.21522 0
5675 1.21403 0
5680 1.21283 0
5685 1.21164 0
5690 1.21045 0
5695 1.20925 0
5700 1.20806 0
5705 1.20687 0
5710 1.20568 0
5715 1.2045 0
5720 1.20331 0
5725 1.20213 0
5730 1.20096 0
5735 1.19978 0
5740 1.19861 0
5745 1.19743 0
5750 1.19627 0
5755 1.1951 0
5760 1.19393 0
5765 1.19277 0
5770 1.19161 0
5775 1.19045 0
5780 1.1893 0
5785 1.18814 0
5790 1.18699 0
5795 1.18584 0
5800 1.1847 0
5805 1.18355 0
5810 1.18241 0
5815 1.18127 0
5820 1.18013 0
5825 1.17898 0
5830 1.17782 0
5835 1.17666 0
5840 1.17549 0
5845 1.17431 0
5850 1.17313 0
5855 1.17194 0
5860 1.17075 0
5865 1.16955 0
5870 1.16834 0
5875 1.16713 0
5880 1.16592 0
5885 1.1647 0
5890 1.16348 0
5895 1.16226 0
5900 1.16104 0
5905 1.15981 0
5910 1.15858 0
5915 1.15735 0
5920 1.15612 0
5925 1.15489 0
5930 1.15366 0
5935 1.15242 0
5940 1.15119 0
5945 1.14995 0
5950 1.14872 0
5955 1.14749 0
5960 1.14626 0
5965 1.14503 0
5970 1.1438 0
5975 1.14257 0
5980 1.14134 0
5985 1.14012 0
5990 1.13889 0
5995 1.13767 0
6000 1.13645 0
6005 1.13523 0
6010 1.134 0
6015 1.13278 0
6020 1.13156 0
6025 1.13034 0
6030 1.12912 0
6035 1.1279 0
6040 1.12667 0
6045 1.12544 0
6050 1.12421 0
6055 1.12298 0
6060 1.12174 0
6065 1.12049 0
6070 1.11924 0
6075 1.11798 0
6080 1.11671 0
6085 1.11542 0
6090 1.1141 0
6095 1.11277 0
6100 1.11141 0
6105 1.11003 0
6110 1.10861 0
6115 1.10717 0
6120 1.10569 0
6125 1.10417 0
6130 1.10262 0
6135 1.10101 0
6140 1.09936 0
6145 1.09764 0
6150 1.09587 0
6155 1.09402 0
6160 1.09209 0
6165 1.09007 0
6170 1.08796 0
6175 1.08573 0
6180 1.08338 0
6185 1.08089 0
6190 1.07824 0
6195 1.07543 0
6200 1.07242 0
6205 1.0692 0
6210 1.06573 0
6215 1.06201 0
6220 1.05799 0
6225 1.05364 0
6230 1.04893 0
6235 1.04383 0
6240 1.03828 0
6245 1.03226 0
6250 1.0257 0
6255 1.01856 0
6260 1.01078 0
6265 1.00232 0
6270 0.993114 0
6275 0.983094 0
6280 0.972208 0
6285 0.9604 0
6290 0.947613 0
6295 0.933801 0
6300 0.918894 0
6305 0.902876 0
6310 0.885739 0
6315 0.867447 0
6320 0.84803 0
6325 0.827509 0
6330 0.805971 0
6335 0.783534 0
6340 0.760284 0
6345 0.736431 0
6350 0.71223 0
6355 0.68792 0
6360 0.663884 0
6365 0.640422 0
6370 0.61805 0
6375 0.597207 0
6380 0.578472 0
6385 0.562608 0
6390 0.551484 0
6395 0.563804 0
6400 0.589754 0
6405 0.617458 0
6410 0.645789 0
6415 0.671342 0
6420 0.700574 0
6425 0.72355 0
6430 0.758833 0
6435 0.786251 0
6440 0.815479 0
6445 0.834409 0
6450 0.866256 0
6455 0.886911 0
6460 0.920746 0
6465 0.942501 0
6470 0.964551 0
6475 0.986752 0
6480 1.00896 0
6485 1.03112 0
6490 1.05313 0
6495 1.07498 0
6500 1.09674 0
6505 1.10332 0
6510 1.12399 0
6515 1.12965 0
6520 1.14915 0
6525 1.15348 0
6530 1.17195 0
6535 1.17473 0
6540 1.17707 0
6545 1.19363 0
6550 1.19435 0
6555 1.19442 0
6560 1.19381 0
6565 1.19253 0
6570 1.19059 0
6575 1.18798 0
6580 1.18474 0
6585 1.18087 0
6590 1.17643 0
6595 1.17142 0
6600 1.166 0
6605 1.16028 0
6610 1.15418 0
6615 1.14791 0
6620 1.14157 0
6625 1.13501 0
6630 1.12826 0
6635 1.12139 0
6640 1.11445 0
6645 1.10748 0
6650 1.10047 0
6655 1.09345 0
6660 1.0865 0
6665 1.0796 0
6670 1.07278 0
6675 1.06608 0
6680 1.0595 0
6685 1.05306 0
6690 1.04679 0
6695 1.04069 0
6700 1.03477 0
6705 1.02905 0
6710 1.02352 0
6715 1.01822 0
6720 1.01311 0
6725 1.00821 0
6730 1.00351 0
6735 0.999034 0
6740 0.994753 0
6745 0.990668 0
6750 0.986782 0
6755 0.98308 0
6760 0.97956 0
6765 0.976207 0
6770 0.973026 0
6775 0.969997 0
6780 0.967117 0
6785 0.964374 0
6790 0.961765 0
6795 0.959277 0
6800 0.956905 0
6805 0.954637 0
6810 0.952471 0
6815 0.950395 0
6820 0.948405 0
6825 0.946493 0
6830 0.944653 0
6835 0.94288 0
6840 0.941169 0
6845 0.939514 0
6850 0.937909 0
6855 0.936348 0
6860 0.934825 0
6865 0.933339 0
6870 0.931884 0
6875 0.930459 0
6880 0.929061 0
6885 0.927687 0
6890 0.926335 0
6895 0.925003 0
6900 0.923689 0
6905 0.922391 0
6910 0.921109 0
6915 0.919839 0
6920 0.918582 0
6925 0.917337 0
6930 0.916101 0
6935 0.914875 0
6940 0.913657 0
6945 0.912448 0
6950 0.911245 0
6955 0.910049 0
6960 0.908859 0
6965 0.907675 0
6970 0.906497 0
6975 0.905323 0
6980 0.904154 0
6985 0.902989 0
6990 0.901829 0
6995 0.900673 0
7000 0.89952 0
7005 0.898372 0
7010 0.897228 0
7015 0.896086 0
7020 0.894947 0
7025 0.893812 0
7030 0.892681 0
7035 0.891553 0
7040 0.890428 0
7045 0.889307 0
7050 0.888188 0
7055 0.887073 0
7060 0.88596 0
7065 0.88485 0
7070 0.883743 0
7075 0.882639 0
7080 0.881537 0
7085 0.880438 0
7090 0.879342 0
7095 0.878248 0
7100 0.877156 0
7105 0.876067 0
7110 0.874978 0
7115 0.873888 0
7120 0.872797 0
7125 0.871705 0
7130 0.870613 0
7135 0.86952 0
7140 0.868427 0
7145 0.867333 0
7150 0.866239 0
7155 0.865145 0
7160 0.86405 0
7165 0.862956 0
7170 0.861862 0
7175 0.860767 0
7180 0.859674 0
7185 0.85858 0
7190 0.857487 0
7195 0.856394 0
7200 0.855302 0
7205 0.854211 0
7210 0.85312 0
7215 0.852031 0
7220 0.850942 0
7225 0.849854 0
7230 0.848767 0
7235 0.847682 0
7240 0.846598 0
7245 0.845514 0
7250 0.844433 0
7255 0.843353 0
7260 0.842274 0
7265 0.841197 0
7270 0.840122 0
7275 0.839049 0
7280 0.837977 0
7285 0.836907 0
7290 0.835839 0
7295 0.834773 0
7300 0.833709 0
7305 0.832647 0
7310 0.831588 0
7315 0.830531 0
7320 0.829476 0
7325 0.828422 0
7330 0.827371 0
7335 0.826323 0
7340 0.825276 0
7345 0.824231 0
7350 0.823188 0
7355 0.822148 0
7360 0.821109 0
7365 0.820072 0
7370 0.819035 0
7375 0.817996 0
7380 0.816958 0
7385 0.815919 0
7390 0.81488 0
7395 0.81384 0
7400 0.812801 0
7405 0.811761 0
7410 0.810722 0
7415 0.809682 0
7420 0.808643 0
7425 0.807604 0
7430 0.806566 0
7435 0.805527 0
7440 0.80449 0
7445 0.803452 0
7450 0.802416 0
7455 0.80138 0
7460 0.800345 0
7465 0.799311 0
7470 0.798277 0
7475 0.797245 0
7480 0.796213 0
7485 0.795183 0
7490 0.794154 0
7495 0.793126 0
7500 0.792099 0
7505 0.791074 0
7510 0.790049 0
7515 0.789027 0
7520 0.788006 0
7525 0.786986 0
7530 0.785968 0
7535 0.784952 0
7540 0.783937 0
7545 0.782924 0
7550 0.781912 0
7555 0.780903 0
7560 0.779895 0
7565 0.77889 0
7570 0.777886 0
7575 0.776885 0
7580 0.775885 0
7585 0.774888 0
7590 0.773892 0
7595 0.772899 0
7600 0.771907 0
7605 0.770917 0
7610 0.769929 0
7615 0.768943 0
7620 0.767959 0
7625 0.766976 0
7630 0.765992 0
7635 0.765008 0
7640 0.764024 0
7645 0.76304 0
7650 0.762056 0
7655 0.761073 0
7660 0.76009 0
7665 0.759107 0
7670 0.758124 0
7675 0.757142 0
7680 0.75616 0
7685 0.755178 0
7690 0.754198 0
7695 0.753217 0
7700 0.752238 0
7705 0.751259 0
7710 0.750281 0
7715 0.749304 0
7720 0.748328 0
7725 0.747352 0
7730 0.746378 0
7735 0.745404 0
7740 0.744432 0
7745 0.743461 0
7750 0.742491 0
7755 0.741522 0
7760 0.740554 0
7765 0.739588 0
7770 0.738623 0
7775 0.737659 0
7780 0.736697 0
7785 0.735736 0
7790 0.734777 0
7795 0.733819 0
7800 0.732863 0
7805 0.731908 0
7810 0.730955 0
7815 0.730004 0
7820 0.729054 0
7825 0.728106 0
7830 0.72716 0
7835 0.726216 0
7840 0.725274 0
7845 0.724333 0
7850 0.723394 0
7855 0.722457 0
7860 0.721522 0
7865 0.720588 0
7870 0.719657 0
7875 0.718727 0
7880 0.717798 0
7885 0.716869 0
7890 0.715941 0
7895 0.715012 0
7900 0.714084 0
7905 0.713156 0
7910 0.712229 0
7915 0.711301 0
7920 0.710375 0
7925 0.709448 0
7930 0.708522 0
7935 0.707597 0
7940 0.706671 0
7945 0.705747 0
7950 0.704823 0
7955 0.703899 0
7960 0.702976 0
7965 0.702054 0
7970 0.701133 0
7975 0.700212 0
7980 0.699291 0
7985 0.698372 0
7990 0.697453 0
7995 0.696535 0
8000 0.695617 0
8005 0.6947 0
8010 0.693784 0
8015 0.692868 0
8020 0.691954 0
8025 0.69104 0
8030 0.690126 0
8035 0.689213 0
8040 0.688301 0
8045 0.687389 0
8050 0.686478 0
8055 0.685567 0
8060 0.684657 0
8065 0.683748 0
8070 0.682838 0
8075 0.681928 0
8080 0.681019 0
8085 0.68011 0
8090 0.679201 0
8095 0.678292 0
8100 0.677383 0
8105 0.676473 0
8110 0.675563 0
8115 0.674652 0
8120 0.673741 0
8125 0.672829 0
8130 0.671915 0
8135 0.671001 0
8140 0.670084 0
8145 0.669163 0
8150 0.668239 0
8155 0.667312 0
8160 0.666382 0
8165 0.66545 0
8170 0.664524 0
8175 0.663605 0
8180 0.66268 0
8185 0.661756 0
8190 0.660829 0
8195 0.659909 0
8200 0.659001 0
8205 0.658084 0
8210 0.657171 0
8215 0.656249 0
8220 0.655347 0
8225 0.65446 0
8230 0.653557 0
8235 0.652653 0
8240 0.651754 0
8245 0.65088 0
8250 0.650009 0
8255 0.649128 0
8260 0.648246 0
8265 0.647378 0
8270 0.646494 0
8275 0.645615 0
8280 0.64472 0
8285 0.643854 0
8290 0.643017 0
8295 0.642154 0
8300 0.641307 0
8305 0.640441 0
8310 0.639581 0
8315 0.638738 0
8320 0.637863 0
8325 0.637016 0
8330 0.6362 0
8335 0.635379 0
8340 0.634548 0
8345 0.633724 0
8350 0.632893 0
8355 0.632064 0
8360 0.631214 0
8365 0.630409 0
8370 0.629546 0
8375 0.628718 0
8380 0.627953 0
8385 0.62711 0
8390 0.626347 0
8395 0.625544 0
8400 0.624734 0
8405 0.623929 0
8410 0.623109 0
8415 0.622308 0
8420 0.621472 0
8425 0.620661 0
8430 0.619836 0
8435 0.619041 0
8440 0.618283 0
8445 0.617523 0
8450 0.616755 0
8455 0.615957 0
8460 0.615191 0
8465 0.614431 0
8470 0.613629 0
8475 0.612855 0
8480 0.612079 0
8485 0.611258 0
8490 0.610461 0
8495 0.60964 0
8500 0.608851 0
8505 0.608027 0
8510 0.607208 0
8515 0.606396 0
8520 0.605592 0
8525 0.604897 0
8530 0.604135 0
8535 0.603393 0
8540 0.602673 0
8545 0.601905 0
8550 0.601135 0
8555 0.60041 0
8560 0.599659 0
8565 0.598874 0
8570 0.598094 0
8575 0.597385 0
8580 0.596567 0
8585 0.595831 0
8590 0.595013 0
8595 0.594197 0
8600 0.593418 0
8605 0.592599 0
8610 0.59178 0
8615 0.591 0
8620 0.590181 0
8625 0.589366 0
8630 0.588578 0
8635 0.587866 0
8640 0.587172 0
8645 0.586486 0
8650 0.585741 0
8655 0.585058 0
8660 0.584299 0
8665 0.583596 0
8670 0.582849 0
8675 0.582157 0
8680 0.58142 0
8685 0.580688 0
8690 0.579956 0
8695 0.579174 0
8700 0.578445 0
8705 0.577662 0
8710 0.576936 0
8715 0.576154 0
8720 0.575371 0
8725 0.574637 0
8730 0.57379 0
8735 0.573 0
8740 0.572207 0
8745 0.571412 0
8750 0.570615 0
8755 0.569751 0
8760 0.568948 0
8765 0.568145 0
8770 0.567275 0
8775 0.566482 0
8780 0.565704 0
8785 0.565057 0
8790 0.564372 0
8795 0.563653 0
8800 0.56302 0
8805 0.562288 0
8810 0.561622 0
8815 0.560984 0
8820 0.560287 0
8825 0.559537 0
8830 0.558857 0
8835 0.558186 0
8840 0.557519 0
8845 0.556788 0
8850 0.556061 0
8855 0.555412 0
8860 0.55469 0
8865 0.553971 0
8870 0.553254 0
8875 0.552538 0
8880 0.55174 0
8885 0.551025 0
8890 0.55031 0
8895 0.549594 0
8900 0.548879 0
8905 0.548074 0
8910 0.547355 0
8915 0.546546 0
8920 0.545821 0
8925 0.545096 0
8930 0.544275 0
8935 0.543452 0
8940 0.542715 0
8945 0.541882 0
8950 0.541137 0
8955 0.540293 0
8960 0.539446 0
8965 0.53869 0
8970 0.537836 0
8975 0.536984 0
8980 0.536146 0
8985 0.53545 0
8990 0.534924 0
8995 0.534295 0
9000 0.533652 0
9005 0.533038 0
9010 0.532381 0
9015 0.531814 0
9020 0.531192 0
9025 0.5305 0
9030 0.529903 0
9035 0.52932 0
9040 0.528656 0
9045 0.528097 0
9050 0.527449 0
9055 0.526808 0
9060 0.526174 0
9065 0.525548 0
9070 0.524928 0
9075 0.524315 0
9080 0.523708 0
9085 0.523108 0
9090 0.522514 0
9095 0.521925 0
9100 0.521341 0
9105 0.520639 0
9110 0.520061 0
9115 0.519489 0
9120 0.518792 0
9125 0.518223 0
9130 0.517528 0
9135 0.516961 0
9140 0.516266 0
9145 0.515701 0
9150 0.515002 0
9155 0.514304 0
9160 0.513733 0
9165 0.513027 0
9170 0.512319 0
9175 0.511737 0
9180 0.511016 0
9185 0.51029 0
9190 0.509558 0
9195 0.508952 0
9200 0.508205 0
9205 0.507449 0
9210 0.506685 0
9215 0.505913 0
9220 0.505132 0
9225 0.504341 0
9230 0.50354 0
9235 0.50273 0
9240 0.50191 0
9245 0.50108 0
9250 0.500239 0
9255 0.49939 0
9260 0.49853 0
9265 0.497662 0
9270 0.496786 0
9275 0.495904 0
9280 0.495019 0
9285 0.494134 0
9290 0.493268 0
9295 0.492578 0
9300 0.492017 0
9305 0.49145 0
9310 0.490869 0
9315 0.49033 0
9320 0.489835 0
9325 0.489269 0
9330 0.488729 0
9335 0.488212 0
9340 0.487591 0
9345 0.487115 0
9350 0.486524 0
9355 0.486089 0
9360 0.485527 0
9365 0.484978 0
9370 0.484599 0
9375 0.484078 0
9380 0.483569 0
9385 0.483072 0
9390 0.482586 0
9395 0.481939 0
9400 0.481472 0
9405 0.481014 0
9410 0.480566 0
9415 0.480128 0
9420 0.479514 0
9425 0.479089 0
9430 0.478673 0
9435 0.478073 0
9440 0.477667 0
9445 0.477075 0
9450 0.476677 0
9455 0.47609 0
9460 0.475699 0
9465 0.475114 0
9470 0.474532 0
9475 0.474144 0
9480 0.473559 0
9485 0.472976 0
9490 0.472589 0
9495 0.472001 0
9500 0.471411 0
9505 0.470819 0
9510 0.470226 0
9515 0.469827 0
9520 0.469225 0
9525 0.46862 0
9530 0.468011 0
9535 0.467397 0
9540 0.46678 0
9545 0.466158 0
9550 0.465532 0
9555 0.464901 0
9560 0.464266 0
9565 0.463626 0
9570 0.462981 0
9575 0.462332 0
9580 0.461679 0
9585 0.461021 0
9590 0.460359 0
9595 0.459694 0
9600 0.459026 0
9605 0.458354 0
9610 0.457679 0
9615 0.457001 0
9620 0.456321 0
9625 0.455637 0
9630 0.45495 0
9635 0.454258 0
9640 0.453564 0
9645 0.452865 0
9650 0.452163 0
9655 0.451456 0
9660 0.450745 0
9665 0.450029 0
9670 0.449308 0
9675 0.448582 0
9680 0.447851 0
9685 0.447113 0
9690 0.446368 0
9695 0.445616 0
9700 0.444857 0
9705 0.444089 0
9710 0.443313 0
9715 0.442528 0
9720 0.441735 0
9725 0.440931 0
9730 0.440119 0
9735 0.439296 0
9740 0.438463 0
9745 0.437621 0
9750 0.436768 0
9755 0.435906 0
9760 0.435035 0
9765 0.434155 0
9770 0.43327 0
9775 0.432381 0
9780 0.431494 0
9785 0.430633 0
9790 0.429952 0
9795 0.42958 0
9800 0.429166 0
9805 0.428734 0
9810 0.428368 0
9815 0.427914 0
9820 0.427663 0
9825 0.427294 0
9830 0.426962 0
9835 0.426465 0
9840 0.426193 0
9845 0.425741 0
9850 0.425528 0
9855 0.425116 0
9860 0.424724 0
9865 0.424349 0
9870 0.423992 0
9875 0.423903 0
9880 0.423582 0
9885 0.423015 0
9890 0.422721 0
9895 0.422441 0
9900 0.422175 0
9905 0.421923 0
9910 0.421685 0
9915 0.421172 0
9920 0.420951 0
9925 0.420743 0
9930 0.420249 0
9935 0.420056 0
9940 0.419574 0
9945 0.419392 0
9950 0.418917 0
9955 0.418747 0
9960 0.418276 0
9965 0.418115 0
9970 0.417644 0
9975 0.417178 0
9980 0.417019 0
9985 0.416547 0
9990 0.416077 0
9995 0.415608 0
10000 0.415443 0

