3300 1.13938 0
3305 1.14214 0
3310 1.14482 0
3315 1.14741 0
3320 1.14994 0
3325 1.15243 0
3330 1.1549 0
3335 1.15736 0
3340 1.15981 0
3345 1.16226 0
3350 1.16471 0
3355 1.16716 0
3360 1.16962 0
3365 1.17207 0
3370 1.17453 0
3375 1.17697 0
3380 1.17943 0
3385 1.18188 0
3390 1.18433 0
3395 1.18678 0
3400 1.18923 0
3405 1.19166 0
3410 1.19409 0
3415 1.19651 0
3420 1.19891 0
3425 1.2013 0
3430 1.20368 0
3435 1.20605 0
3440 1.2084 0
3445 1.21074 0
3450 1.21305 0
3455 1.21536 0
3460 1.21764 0
3465 1.21991 0
3470 1.22216 0
3475 1.22439 0
3480 1.2266 0
3485 1.2288 0
3490 1.23098 0
3495 1.23314 0
3500 1.23528 0
3505 1.23741 0
3510 1.23953 0
3515 1.24163 0
3520 1.24372 0
3525 1.2458 0
3530 1.24787 0
3535 1.24992 0
3540 1.25196 0
3545 1.25399 0
3550 1.256 0
3555 1.258 0
3560 1.25998 0
3565 1.26195 0
3570 1.26391 0
3575 1.26585 0
3580 1.26777 0
3585 1.26969 0
3590 1.27158 0
3595 1.27346 0
3600 1.27533 0
3605 1.27718 0
3610 1.27901 0
3615 1.28083 0
3620 1.28264 0
3625 1.28443 0
3630 1.28621 0
3635 1.28797 0
3640 1.28971 0
3645 1.29144 0
3650 1.29316 0
3655 1.29487 0
3660 1.29656 0
3665 1.29823 0
3670 1.29989 0
3675 1.30154 0
3680 1.30317 0
3685 1.30479 0
3690 1.3064 0
3695 1.30799 0
3700 1.30957 0
3705 1.31114 0
3710 1.31269 0
3715 1.31423 0
3720 1.31576 0
3725 1.31727 0
3730 1.31878 0
3735 1.32027 0
3740 1.32174 0
3745 1.3232 0
3750 1.32466 0
3755 1.32609 0
3760 1.32752 0
3765 1.32892 0
3770 1.33031 0
3775 1.33167 0
3780 1.33301 0
3785 1.33433 0
3790 1.33564 0
3795 1.33693 0
3800 1.3382 0
3805 1.33945 0
3810 1.34069 0
3815 1.34191 0
3820 1.34312 0
3825 1.34431 0
3830 1.34549 0
3835 1.34665 0
3840 1.34781 0
3845 1.34895 0
3850 1.35008 0
3855 1.3512 0
3860 1.3523 0
3865 1.3534 0
3870 1.35449 0
3875 1.35556 0
3880 1.35663 0
3885 1.35769 0
3890 1.35873 0
3895 1.35977 0
3900 1.3608 0
3905 1.36181 0
3910 1.36282 0
3915 1.36382 0
3920 1.36481 0
3925 1.36579 0
3930 1.36676 0
3935 1.36772 0
3940 1.36867 0
3945 1.36961 0
3950 1.37054 0
3955 1.37147 0
3960 1.37238 0
3965 1.37329 0
3970 1.37419 0
3975 1.37507 0
3980 1.37595 0
3985 1.37682 0
3990 1.37768 0
3995 1.37854 0
4000 1.37938 0
4005 1.38022 0
4010 1.38105 0
4015 1.38187 0
4020 1.38267 0
4025 1.38345 0
4030 1.38421 0
4035 1.38495 0
4040 1.38568 0
4045 1.38638 0
4050 1.38707 0
4055 1.38774 0
4060 1.38839 0
4065 1.38903 0
4070 1.38966 0
4075 1.39027 0
4080 1.39087 0
4085 1.39146 0
4090 1.39203 0
4095 1.3926 0
4100 1.39315 0
4105 1.39369 0
4110 1.39423 0
4115 1.39475 0
4120 1.39526 0
4125 1.39577 0
4130 1.39626 0
4135 1.39675 0
4140 1.39722 0
4145 1.39767 0
4150 1.3981 0
4155 1.3985 0
4160 1.39887 0
4165 1.39926 0
4170 1.39967 0
4175 1.40006 0
4180 1.40045 0
4185 1.4008 0
4190 1.40116 0
4195 1.40149 0
4200 1.40179 0
4205 1.40208 0
4210 1.40234 0
4215 1.40264 0
4220 1.40296 0
4225 1.40329 0
4230 1.40358 0
4235 1.40387 0
4240 1.40415 0
4245 1.40443 0
4250 1.40467 0
4255 1.40491 0
4260 1.4051 0
4265 1.4053 0
4270 1.40542 0
4275 1.40552 0
4280 1.40574 0
4285 1.40595 0
4290 1.40619 0
4295 1.40638 0
4300 1.40657 0
4305 1.40675 0
4310 1.40691 0
4315 1.40706 0
4320 1.40718 0
4325 1.4073 0
4330 1.40742 0
4335 1.40749 0
4340 1.4076 0
4345 1.40764 0
4350 1.40767 0
4355 1.40768 0
4360 1.40766 0
4365 1.40754 0
4370 1.40743 0
4375 1.40722 0
4380 1.40712 0
4385 1.40717 0
4390 1.40717 0
4395 1.40718 0
4400 1.40724 0
4405 1.40724 0
4410 1.40722 0
4415 1.40725 0
4420 1.40721 0
4425 1.40719 0
4430 1.40718 0
4435 1.40715 0
4440 1.40708 0
4445 1.4071 0
4450 1.40704 0
4455 1.40699 0
4460 1.40691 0
4465 1.40686 0
4470 1.40674 0
4475 1.40664 0
4480 1.4065 0
4485 1.40638 0
4490 1.40617 0
4495 1.40594 0
4500 1.40569 0
4505 1.4054 0
4510 1.40508 0
4515 1.40472 0
4520 1.40431 0
4525 1.40385 0
4530 1.40332 0
4535 1.4027 0
4540 1.40199 0
4545 1.40139 0
4550 1.40113 0
4555 1.40089 0
4560 1.40067 0
4565 1.40039 0
4570 1.40011 0
4575 1.39988 0
4580 1.39966 0
4585 1.39939 0
4590 1.39926 0
4595 1.39898 0
4600 1.39877 0
4605 1.39866 0
4610 1.39841 0
4615 1.39819 0
4620 1.39799 0
4625 1.3978 0
4630 1.39763 0
4635 1.39741 0
4640 1.39713 0
4645 1.3969 0
4650 1.39661 0
4655 1.39636 0
4660 1.39598 0
4665 1.39558 0
4670 1.39514 0
4675 1.39468 0
4680 1.39419 0
4685 1.39368 0
4690 1.39315 0
4695 1.3926 0
4700 1.39204 0
4705 1.39148 0
4710 1.39091 0
4715 1.39033 0
4720 1.38976 0
4725 1.38917 0
4730 1.38859 0
4735 1.38801 0
4740 1.38743 0
4745 1.38684 0
4750 1.38626 0
4755 1.38568 0
4760 1.38509 0
4765 1.3845 0
4770 1.38391 0
4775 1.38331 0
4780 1.3827 0
4785 1.38209 0
4790 1.38146 0
4795 1.38081 0
4800 1.38012 0
4805 1.37939 0
4810 1.37861 0
4815 1.37777 0
4820 1.37686 0
4825 1.37585 0
4830 1.37473 0
4835 1.37346 0
4840 1.37203 0
4845 1.37043 0
4850 1.3691 0
4855 1.3685 0
4860 1.36798 0
4865 1.36745 0
4870 1.36689 0
4875 1.36631 0
4880 1.36586 0
4885 1.36543 0
4890 1.3649 0
4895 1.36447 0
4900 1.36413 0
4905 1.36377 0
4910 1.36336 0
4915 1.36315 0
4920 1.36276 0
4925 1.36241 0
4930 1.36211 0
4935 1.36184 0
4940 1.3616 0
4945 1.36123 0
4950 1.36073 0
4955 1.36037 0
4960 1.35971 0
4965 1.35916 0
4970 1.35872 0
4975 1.35797 0
4980 1.35717 0
4985 1.35633 0
4990 1.35545 0
4995 1.35453 0
5000 1.35356 0
5005 1.35257 0
5010 1.35154 0
5015 1.3505 0
5020 1.34948 0
5025 1.34854 0
5030 1.3476 0
5035 1.34666 0
5040 1.34575 0
5045 1.34483 0
5050 1.34393 0
5055 1.34302 0
5060 1.34211 0
5065 1.34122 0
5070 1.34034 0
5075 1.33947 0
5080 1.33857 0
5085 1.33772 0
5090 1.33683 0
5095 1.33596 0
5100 1.33508 0
5105 1.33421 0
5110 1.33334 0
5115 1.33244 0
5120 1.33157 0
5125 1.33071 0
5130 1.3298 0
5135 1.32889 0
5140 1.32802 0
5145 1.32711 0
5150 1.32619 0
5155 1.32527 0
5160 1.32434 0
5165 1.32342 0
5170 1.32249 0
5175 1.32156 0
5180 1.32062 0
5185 1.31967 0
5190 1.31872 0
5195 1.31776 0
5200 1.31679 0
5205 1.31582 0
5210 1.31485 0
5215 1.31387 0
5220 1.31288 0
5225 1.3119 0
5230 1.31091 0
5235 1.30992 0
5240 1.30892 0
5245 1.30793 0
5250 1.30693 0
5255 1.30593 0
5260 1.30493 0
5265 1.30393 0
5270 1.30293 0
5275 1.30193 0
5280 1.30092 0
5285 1.29992 0
5290 1.29892 0
5295 1.29792 0
5300 1.29692 0
5305 1.29591 0
5310 1.29491 0
5315 1.29389 0
5320 1.29287 0
5325 1.29185 0
5330 1.29082 0
5335 1.28978 0
5340 1.28875 0
5345 1.2877 0
5350 1.28666 0
5355 1.28561 0
5360 1.28456 0
5365 1.2835 0
5370 1.28244 0
5375 1.28138 0
5380 1.28032 0
5385 1.27926 0
5390 1.27819 0
5395 1.27712 0
5400 1.27605 0
5405 1.27498 0
5410 1.27391 0
5415 1.27284 0
5420 1.27176 0
5425 1.27068 0
5430 1.2696 0
5435 1.26851 0
5440 1.26741 0
5445 1.26629 0
5450 1.26516 0
5455 1.26401 0
5460 1.26283 0
5465 1.26163 0
5470 1.26039 0
5475 1.2591 0
5480 1.25776 0
5485 1.25635 0
5490 1.25485 0
5495 1.25325 0
5500 1.2515 0
5505 1.24958 0
5510 1.24746 0
5515 1.24508 0
5520 1.24239 0
5525 1.23933 0
5530 1.23587 0
5535 1.23207 0
5540 1.22921 0
5545 1.22826 0
5550 1.22723 0
5555 1.22663 0
5560 1.22595 0
5565 1.22519 0
5570 1.2248 0
5575 1.22379 0
5580 1.2237 0
5585 1.2232 0
5590 1.22293 0
5595 1.22175 0
5600 1.22186 0
5605 1.22095 0
5610 1.22095 0
5615 1.22022 0
5620 1.21952 0
5625 1.21879 0
5630 1.21797 0
5635 1.21697 0
5640 1.2144 0
5645 1.21272 0
5650 1.21006 0
5655 1.20622 0
5660 1.20188 0
5665 1.19544 0
5670 1.18794 0
5675 1.179 0
5680 1.16688 0
5685 1.152 0
5690 1.13388 0
5695 1.11203 0
5700 1.08606 0
5705 1.05568 0
5710 1.0209 0
5715 0.98204 0
5720 0.940113 0
5725 0.89679 0
5730 0.854965 0
5735 0.829834 0
5740 0.826952 0
5745 0.836369 0
5750 0.84635 0
5755 0.864284 0
5760 0.876612 0
5765 0.888819 0
5770 0.90536 0
5775 0.92618 0
5780 0.945252 0
5785 0.961694 0
5790 0.986993 0
5795 1.00911 0
5800 1.03318 0
5805 1.05314 0
5810 1.08066 0
5815 1.1031 0
5820 1.12629 0
5825 1.14982 0
5830 1.17372 0
5835 1.19134 0
5840 1.20736 0
5845 1.2297 0
5850 1.24557 0
5855 1.25904 0
5860 1.273 0
5865 1.27807 0
5870 1.28857 0
5875 1.299 0
5880 1.30053 0
5885 1.30093 0
5890 1.30018 0
5895 1.29826 0
5900 1.2952 0
5905 1.29103 0
5910 1.28582 0
5915 1.27963 0
5920 1.27265 0
5925 1.26526 0
5930 1.25759 0
5935 1.24968 0
5940 1.24221 0
5945 1.23466 0
5950 1.22697 0
5955 1.21934 0
5960 1.21182 0
5965 1.2044 0
5970 1.19717 0
5975 1.19015 0
5980 1.18338 0
5985 1.17691 0
5990 1.17074 0
5995 1.16507 0
6000 1.15999 0
6005 1.15536 0
6010 1.15113 0
6015 1.14716 0
6020 1.14365 0
6025 1.14031 0
6030 1.13742 0
6035 1.13469 0
6040 1.13218 0
6045 1.12995 0
6050 1.12794 0
6055 1.12595 0
6060 1.12423 0
6065 1.1226 0
6070 1.12104 0
6075 1.1197 0
6080 1.11833 0
6085 1.11703 0
6090 1.11562 0
6095 1.11443 0
6100 1.11328 0
6105 1.11211 0
6110 1.11091 0
6115 1.10978 0
6120 1.10861 0
6125 1.1075 0
6130 1.10628 0
6135 1.10513 0
6140 1.10403 0
6145 1.1028 0
6150 1.10157 0
6155 1.10033 0
6160 1.09908 0
6165 1.09782 0
6170 1.09655 0
6175 1.09528 0
6180 1.094 0
6185 1.09271 0
6190 1.09142 0
6195 1.09013 0
6200 1.08884 0
6205 1.08756 0
6210 1.08627 0
6215 1.08499 0
6220 1.08371 0
6225 1.08243 0
6230 1.08116 0
6235 1.07989 0
6240 1.07863 0
6245 1.07738 0
6250 1.07613 0
6255 1.07488 0
6260 1.07365 0
6265 1.07241 0
6270 1.07118 0
6275 1.06996 0
6280 1.06874 0
6285 1.06753 0
6290 1.06632 0
6295 1.06511 0
6300 1.06391 0
6305 1.06271 0
6310 1.06152 0
6315 1.06032 0
6320 1.05914 0
6325 1.05795 0
6330 1.05677 0
6335 1.05559 0
6340 1.0544 0
6345 1.05321 0
6350 1.05202 0
6355 1.05083 0
6360 1.04963 0
6365 1.04843 0
6370 1.04722 0
6375 1.04601 0
6380 1.0448 0
6385 1.04359 0
6390 1.04238 0
6395 1.04117 0
6400 1.03995 0
6405 1.03873 0
6410 1.03751 0
6415 1.03629 0
6420 1.03507 0
6425 1.03385 0
6430 1.03263 0
6435 1.03141 0
6440 1.03019 0
6445 1.02897 0
6450 1.02775 0
6455 1.02653 0
6460 1.02531 0
6465 1.0241 0
6470 1.02288 0
6475 1.02166 0
6480 1.02045 0
6485 1.01924 0
6490 1.01803 0
6495 1.01682 0
6500 1.01562 0
6505 1.01441 0
6510 1.01321 0
6515 1.01201 0
6520 1.01082 0
6525 1.00962 0
6530 1.00843 0
6535 1.00725 0
6540 1.00606 0
6545 1.00488 0
6550 1.0037 0
6555 1.00252 0
6560 1.00134 0
6565 1.00017 0
6570 0.998996 0
6575 0.997827 0
6580 0.996661 0
6585 0.995497 0
6590 0.994335 0
6595 0.993172 0
6600 0.992006 0
6605 0.990838 0
6610 0.989667 0
6615 0.988493 0
6620 0.987318 0
6625 0.98614 0
6630 0.984961 0
6635 0.983779 0
6640 0.982597 0
6645 0.981413 0
6650 0.980228 0
6655 0.979043 0
6660 0.977856 0
6665 0.976669 0
6670 0.975481 0
6675 0.974294 0
6680 0.973106 0
6685 0.971918 0
6690 0.97073 0
6695 0.969542 0
6700 0.968356 0
6705 0.967169 0
6710 0.965984 0
6715 0.964799 0
6720 0.963615 0
6725 0.962433 0
6730 0.961252 0
6735 0.960072 0
6740 0.958894 0
6745 0.957719 0
6750 0.956543 0
6755 0.95537 0
6760 0.954199 0
6765 0.953031 0
6770 0.951865 0
6775 0.950701 0
6780 0.94954 0
6785 0.948381 0
6790 0.947225 0
6795 0.94607 0
6800 0.944919 0
6805 0.943769 0
6810 0.942622 0
6815 0.941478 0
6820 0.940335 0
6825 0.939195 0
6830 0.938058 0
6835 0.936922 0
6840 0.935789 0
6845 0.934659 0
6850 0.933529 0
6855 0.932398 0
6860 0.931265 0
6865 0.93013 0
6870 0.928994 0
6875 0.927856 0
6880 0.926717 0
6885 0.925577 0
6890 0.924436 0
6895 0.923294 0
6900 0.922152 0
6905 0.921008 0
6910 0.919865 0
6915 0.918721 0
6920 0.917577 0
6925 0.916432 0
6930 0.915288 0
6935 0.914144 0
6940 0.913 0
6945 0.911857 0
6950 0.910714 0
6955 0.909572 0
6960 0.90843 0
6965 0.90729 0
6970 0.90615 0
6975 0.905011 0
6980 0.903874 0
6985 0.902738 0
6990 0.901603 0
6995 0.90047 0
7000 0.899338 0
7005 0.898208 0
7010 0.89708 0
7015 0.895953 0
7020 0.894828 0
7025 0.893705 0
7030 0.892584 0
7035 0.891466 0
7040 0.89035 0
7045 0.889237 0
7050 0.888125 0
7055 0.887016 0
7060 0.885909 0
7065 0.884804 0
7070 0.883702 0
7075 0.882602 0
7080 0.881504 0
7085 0.880408 0
7090 0.879315 0
7095 0.878223 0
7100 0.877134 0
7105 0.876047 0
7110 0.87496 0
7115 0.873872 0
7120 0.872783 0
7125 0.871692 0
7130 0.870601 0
7135 0.86951 0
7140 0.868417 0
7145 0.867324 0
7150 0.866231 0
7155 0.865138 0
7160 0.864044 0
7165 0.86295 0
7170 0.861857 0
7175 0.860763 0
7180 0.859669 0
7185 0.858576 0
7190 0.857483 0
7195 0.856391 0
7200 0.855299 0
7205 0.854208 0
7210 0.853118 0
7215 0.852029 0
7220 0.85094 0
7225 0.849852 0
7230 0.848766 0
7235 0.84768 0
7240 0.846596 0
7245 0.845513 0
7250 0.844432 0
7255 0.843352 0
7260 0.842273 0
7265 0.841196 0
7270 0.840122 0
7275 0.839048 0
7280 0.837976 0
7285 0.836906 0
7290 0.835838 0
7295 0.834772 0
7300 0.833709 0
7305 0.832647 0
7310 0.831588 0
7315 0.83053 0
7320 0.829475 0
7325 0.828422 0
7330 0.827371 0
7335 0.826322 0
7340 0.825276 0
7345 0.824231 0
7350 0.823188 0
7355 0.822148 0
7360 0.821109 0
7365 0.820072 0
7370 0.819034 0
7375 0.817996 0
7380 0.816958 0
7385 0.815919 0
7390 0.81488 0
7395 0.81384 0
7400 0.812801 0
7405 0.811761 0
7410 0.810722 0
7415 0.809682 0
7420 0.808643 0
7425 0.807604 0
7430 0.806566 0
7435 0.805527 0
7440 0.80449 0
7445 0.803452 0
7450 0.802416 0
7455 0.80138 0
7460 0.800345 0
7465 0.799311 0
7470 0.798277 0
7475 0.797245 0
7480 0.796213 0
7485 0.795183 0
7490 0.794154 0
7495 0.793126 0
7500 0.792099 0
7505 0.791074 0
7510 0.790049 0
7515 0.789027 0
7520 0.788006 0
7525 0.786986 0
7530 0.785968 0
7535 0.784952 0
7540 0.783937 0
7545 0.782924 0
7550 0.781912 0
7555 0.780903 0
7560 0.779895 0
7565 0.77889 0
7570 0.777886 0
7575 0.776885 0
7580 0.775885 0
7585 0.774888 0
7590 0.773892 0
7595 0.772898 0
7600 0.771907 0
7605 0.770917 0
7610 0.769929 0
7615 0.768943 0
7620 0.767959 0
7625 0.766975 0
7630 0.765991 0
7635 0.765008 0
7640 0.764024 0
7645 0.76304 0
7650 0.762056 0
7655 0.761072 0
7660 0.760089 0
7665 0.759105 0
7670 0.758122 0
7675 0.75714 0
7680 0.756157 0
7685 0.755176 0
7690 0.754194 0
7695 0.753213 0
7700 0.752233 0
7705 0.751253 0
7710 0.750273 0
7715 0.749295 0
7720 0.748316 0
7725 0.747339 0
7730 0.746361 0
7735 0.745384 0
7740 0.744407 0
7745 0.74343 0
7750 0.742454 0
7755 0.741477 0
7760 0.7405 0
7765 0.739522 0
7770 0.738543 0
7775 0.737562 0
7780 0.736579 0
7785 0.735593 0
7790 0.734604 0
7795 0.73361 0
7800 0.732611 0
7805 0.731603 0
7810 0.730586 0
7815 0.729558 0
7820 0.728517 0
7825 0.727458 0
7830 0.726379 0
7835 0.725275 0
7840 0.724141 0
7845 0.722971 0
7850 0.721756 0
7855 0.72049 0
7860 0.719162 0
7865 0.717757 0
7870 0.716265 0
7875 0.714665 0
7880 0.71294 0
7885 0.711067 0
7890 0.709012 0
7895 0.706755 0
7900 0.704255 0
7905 0.701466 0
7910 0.698358 0
7915 0.694861 0
7920 0.690933 0
7925 0.686513 0
7930 0.681515 0
7935 0.675906 0
7940 0.669586 0
7945 0.662519 0
7950 0.654664 0
7955 0.645966 0
7960 0.636536 0
7965 0.626586 0
7970 0.619027 0
7975 0.611951 0
7980 0.604856 0
7985 0.603186 0
7990 0.604201 0
7995 0.604174 0
8000 0.60511 0
8005 0.606238 0
8010 0.608634 0
8015 0.608307 0
8020 0.610124 0
8025 0.611401 0
8030 0.614857 0
8035 0.617716 0
8040 0.617963 0
8045 0.623712 0
8050 0.625133 0
8055 0.627069 0
8060 0.629514 0
8065 0.63248 0
8070 0.63814 0
8075 0.638127 0
8080 0.642419 0
8085 0.64712 0
8090 0.650535 0
8095 0.6559 0
8100 0.661665 0
8105 0.661765 0
8110 0.667922 0
8115 0.668366 0
8120 0.673205 0
8125 0.675491 0
8130 0.680485 0
8135 0.682843 0
8140 0.68785 0
8145 0.688459 0
8150 0.689096 0
8155 0.69554 0
8160 0.695857 0
8165 0.696072 0
8170 0.696151 0
8175 0.700447 0
8180 0.700123 0
8185 0.699628 0
8190 0.698944 0
8195 0.698067 0
8200 0.697 0
8205 0.695746 0
8210 0.694313 0
8215 0.692703 0
8220 0.690928 0
8225 0.689029 0
8230 0.686999 0
8235 0.684849 0
8240 0.682608 0
8245 0.680356 0
8250 0.67806 0
8255 0.675717 0
8260 0.673397 0
8265 0.67111 0
8270 0.668833 0
8275 0.666567 0
8280 0.664362 0
8285 0.662184 0
8290 0.660085 0
8295 0.658048 0
8300 0.656053 0
8305 0.65411 0
8310 0.652222 0
8315 0.650407 0
8320 0.648647 0
8325 0.646943 0
8330 0.645298 0
8335 0.643721 0
8340 0.642194 0
8345 0.640723 0
8350 0.639311 0
8355 0.637949 0
8360 0.636633 0
8365 0.635365 0
8370 0.634141 0
8375 0.632954 0
8380 0.631806 0
8385 0.630693 0
8390 0.62961 0
8395 0.628557 0
8400 0.627531 0
8405 0.626527 0
8410 0.625547 0
8415 0.624586 0
8420 0.623643 0
8425 0.622717 0
8430 0.621805 0
8435 0.620906 0
8440 0.620019 0
8445 0.619142 0
8450 0.618275 0
8455 0.617417 0
8460 0.616566 0
8465 0.615723 0
8470 0.614885 0
8475 0.614054 0
8480 0.613227 0
8485 0.612405 0
8490 0.611588 0
8495 0.610774 0
8500 0.609964 0
8505 0.609157 0
8510 0.608353 0
8515 0.607552 0
8520 0.606754 0
8525 0.605958 0
8530 0.605164 0
8535 0.604373 0
8540 0.603583 0
8545 0.602796 0
8550 0.60201 0
8555 0.601226 0
8560 0.600444 0
8565 0.599664 0
8570 0.598885 0
8575 0.598108 0
8580 0.597332 0
8585 0.596558 0
8590 0.595785 0
8595 0.595013 0
8600 0.594243 0
8605 0.593474 0
8610 0.592706 0
8615 0.59194 0
8620 0.591174 0
8625 0.590409 0
8630 0.589646 0
8635 0.588883 0
8640 0.588121 0
8645 0.587359 0
8650 0.586598 0
8655 0.585836 0
8660 0.585073 0
8665 0.584308 0
8670 0.583542 0
8675 0.582774 0
8680 0.582004 0
8685 0.581232 0
8690 0.580457 0
8695 0.579681 0
8700 0.578902 0
8705 0.578122 0
8710 0.577357 0
8715 0.576605 0
8720 0.575859 0
8725 0.575106 0
8730 0.574357 0
8735 0.573602 0
8740 0.572861 0
8745 0.572113 0
8750 0.571367 0
8755 0.570612 0
8760 0.569871 0
8765 0.569133 0
8770 0.568383 0
8775 0.567636 0
8780 0.56689 0
8785 0.566161 0
8790 0.565419 0
8795 0.56468 0
8800 0.563941 0
8805 0.563205 0
8810 0.56247 0
8815 0.561721 0
8820 0.560989 0
8825 0.560259 0
8830 0.559531 0
8835 0.558786 0
8840 0.558059 0
8845 0.557334 0
8850 0.556591 0
8855 0.555867 0
8860 0.555125 0
8865 0.5544 0
8870 0.553657 0
8875 0.552914 0
8880 0.552188 0
8885 0.551442 0
8890 0.550694 0
8895 0.549963 0
8900 0.549211 0
8905 0.548458 0
8910 0.547707 0
8915 0.54701 0
8920 0.546299 0
8925 0.545591 0
8930 0.54488 0
8935 0.544176 0
8940 0.543464 0
8945 0.542756 0
8950 0.542052 0
8955 0.541352 0
8960 0.540655 0
8965 0.539944 0
8970 0.539255 0
8975 0.538549 0
8980 0.537847 0
8985 0.537168 0
8990 0.536471 0
8995 0.535778 0
9000 0.535087 0
9005 0.534399 0
9010 0.533714 0
9015 0.533031 0
9020 0.532328 0
9025 0.531652 0
9030 0.530978 0
9035 0.530306 0
9040 0.529613 0
9045 0.528947 0
9050 0.528258 0
9055 0.527596 0
9060 0.526937 0
9065 0.526254 0
9070 0.525573 0
9075 0.52492 0
9080 0.524242 0
9085 0.523592 0
9090 0.522916 0
9095 0.522242 0
9100 0.521596 0
9105 0.520924 0
9110 0.520252 0
9115 0.519581 0
9120 0.518911 0
9125 0.518267 0
9130 0.517596 0
9135 0.516925 0
9140 0.516254 0
9145 0.515582 0
9150 0.514909 0
9155 0.514235 0
9160 0.51356 0
9165 0.512883 0
9170 0.512204 0
9175 0.511522 0
9180 0.510836 0
9185 0.510147 0
9190 0.509454 0
9195 0.508757 0
9200 0.508056 0
9205 0.50735 0
9210 0.50664 0
9215 0.505928 0
9220 0.505235 0
9225 0.504582 0
9230 0.503924 0
9235 0.503281 0
9240 0.502632 0
9245 0.501971 0
9250 0.501338 0
9255 0.50069 0
9260 0.500022 0
9265 0.499384 0
9270 0.49875 0
9275 0.498094 0
9280 0.49747 0
9285 0.496821 0
9290 0.496176 0
9295 0.495534 0
9300 0.494928 0
9305 0.494294 0
9310 0.493663 0
9315 0.493036 0
9320 0.492377 0
9325 0.491756 0
9330 0.491138 0
9335 0.490523 0
9340 0.489913 0
9345 0.489267 0
9350 0.488661 0
9355 0.488059 0
9360 0.487421 0
9365 0.486824 0
9370 0.486191 0
9375 0.485599 0
9380 0.48497 0
9385 0.484382 0
9390 0.483756 0
9395 0.483132 0
9400 0.482549 0
9405 0.481927 0
9410 0.481308 0
9415 0.48073 0
9420 0.480112 0
9425 0.479495 0
9430 0.478878 0
9435 0.478263 0
9440 0.477688 0
9445 0.477073 0
9450 0.476459 0
9455 0.475844 0
9460 0.47523 0
9465 0.474616 0
9470 0.474002 0
9475 0.473388 0
9480 0.472774 0
9485 0.472161 0
9490 0.471548 0
9495 0.470935 0
9500 0.470322 0
9505 0.469709 0
9510 0.469097 0
9515 0.468485 0
9520 0.467874 0
9525 0.467264 0
9530 0.466655 0
9535 0.466046 0
9540 0.465438 0
9545 0.464831 0
9550 0.464225 0
9555 0.46362 0
9560 0.463015 0
9565 0.462412 0
9570 0.461809 0
9575 0.461207 0
9580 0.460605 0
9585 0.460004 0
9590 0.459404 0
9595 0.458804 0
9600 0.458204 0
9605 0.457605 0
9610 0.457005 0
9615 0.456405 0
9620 0.455805 0
9625 0.455204 0
9630 0.454602 0
9635 0.453999 0
9640 0.453395 0
9645 0.452788 0
9650 0.452179 0
9655 0.451567 0
9660 0.450952 0
9665 0.450333 0
9670 0.44971 0
9675 0.449081 0
9680 0.448448 0
9685 0.447808 0
9690 0.447161 0
9695 0.44651 0
9700 0.445858 0
9705 0.445284 0
9710 0.444721 0
9715 0.444166 0
9720 0.443606 0
9725 0.443027 0
9730 0.44249 0
9735 0.44193 0
9740 0.441378 0
9745 0.440833 0
9750 0.440253 0
9755 0.439721 0
9760 0.439151 0
9765 0.438633 0
9770 0.438073 0
9775 0.437517 0
9780 0.436966 0
9785 0.436419 0
9790 0.435876 0
9795 0.435337 0
9800 0.434803 0
9805 0.434274 0
9810 0.433749 0
9815 0.433227 0
9820 0.432651 0
9825 0.432138 0
9830 0.431628 0
9835 0.43106 0
9840 0.430557 0
9845 0.430057 0
9850 0.429498 0
9855 0.429004 0
9860 0.428449 0
9865 0.427961 0
9870 0.42741 0
9875 0.426925 0
9880 0.426377 0
9885 0.425831 0
9890 0.42535 0
9895 0.424804 0
9900 0.424259 0
9905 0.423716 0
9910 0.423237 0
9915 0.422693 0
9920 0.422156 0
9925 0.421621 0
9930 0.421088 0
9935 0.42062 0
9940 0.420087 0
9945 0.419551 0
9950 0.419016 0
9955 0.418481 0
9960 0.417946 0
9965 0.417412 0
9970 0.416874 0
9975 0.41634 0
9980 0.415802 0
9985 0.415263 0
9990 0.414725 0
9995 0.414193 0
10000 0.413655 0

