3300 0.203779 0
3305 0.225268 0
3310 0.242442 0
3315 0.253619 0
3320 0.258337 0
3325 0.257944 0
3330 0.254958 0
3335 0.251354 0
3340 0.247849 0
3345 0.244729 0
3350 0.242105 0
3355 0.239458 0
3360 0.235853 0
3365 0.230974 0
3370 0.225186 0
3375 0.218982 0
3380 0.213191 0
3385 0.20891 0
3390 0.206956 0
3395 0.207506 0
3400 0.209727 0
3405 0.211846 0
3410 0.212134 0
3415 0.209885 0
3420 0.20539 0
3425 0.198591 0
3430 0.189314 0
3435 0.178441 0
3440 0.167967 0
3445 0.159306 0
3450 0.15274 0
3455 0.147939 0
3460 0.144284 0
3465 0.140973 0
3470 0.137453 0
3475 0.133845 0
3480 0.13066 0
3485 0.12834 0
3490 0.126803 0
3495 0.125944 0
3500 0.125992 0
3505 0.127367 0
3510 0.130351 0
3515 0.134998 0
3520 0.140987 0
3525 0.147353 0
3530 0.152888 0
3535 0.156674 0
3540 0.158576 0
3545 0.159602 0
3550 0.161488 0
3555 0.16584 0
3560 0.173249 0
3565 0.183344 0
3570 0.19488 0
3575 0.205781 0
3580 0.213801 0
3585 0.217282 0
3590 0.215887 0
3595 0.210425 0
3600 0.202165 0
3605 0.192722 0
3610 0.183788 0
3615 0.176747 0
3620 0.172664 0
3625 0.172277 0
3630 0.17631 0
3635 0.185422 0
3640 0.200073 0
3645 0.220367 0
3650 0.245572 0
3655 0.274203 0
3660 0.30397 0
3665 0.33192 0
3670 0.354879 0
3675 0.369734 0
3680 0.376275 0
3685 0.375589 0
3690 0.369855 0
3695 0.361269 0
3700 0.351977 0
3705 0.343137 0
3710 0.335323 0
3715 0.328131 0
3720 0.320883 0
3725 0.312797 0
3730 0.3032 0
3735 0.291455 0
3740 0.277129 0
3745 0.260406 0
3750 0.242046 0
3755 0.2232 0
3760 0.205038 0
3765 0.188404 0
3770 0.173908 0
3775 0.16186 0
3780 0.152379 0
3785 0.145481 0
3790 0.141093 0
3795 0.139098 0
3800 0.139379 0
3805 0.141841 0
3810 0.146474 0
3815 0.153473 0
3820 0.163335 0
3825 0.17677 0
3830 0.194621 0
3835 0.217855 0
3840 0.247009 0
3845 0.282019 0
3850 0.3228 0
3855 0.369365 0
3860 0.421303 0
3865 0.477714 0
3870 0.543316 0
3875 0.599495 0
3880 0.64308 0
3885 0.675562 0
3890 0.697525 0
3895 0.709215 0
3900 0.715588 0
3905 0.717007 0
3910 0.717904 0
3915 0.716337 0
3920 0.712372 0
3925 0.707566 0
3930 0.70248 0
3935 0.698106 0
3940 0.695061 0
3945 0.69676 0
3950 0.703386 0
3955 0.7172 0
3960 0.741171 0
3965 0.776666 0
3970 0.814753 0
3975 0.849998 0
3980 0.878328 0
3985 0.898608 0
3990 0.908348 0
3995 0.912033 0
4000 0.911502 0
4005 0.904162 0
4010 0.884351 0
4015 0.859945 0
4020 0.833195 0
4025 0.80681 0
4030 0.776904 0
4035 0.742617 0
4040 0.705326 0
4045 0.668147 0
4050 0.635277 0
4055 0.607031 0
4060 0.583385 0
4065 0.563329 0
4070 0.543827 0
4075 0.520997 0
4080 0.494551 0
4085 0.464158 0
4090 0.432825 0
4095 0.403351 0
4100 0.378681 0
4105 0.359915 0
4110 0.347852 0
4115 0.341845 0
4120 0.340974 0
4125 0.343713 0
4130 0.347388 0
4135 0.349015 0
4140 0.345947 0
4145 0.336989 0
4150 0.324754 0
4155 0.31164 0
4160 0.299198 0
4165 0.288938 0
4170 0.281279 0
4175 0.276443 0
4180 0.274695 0
4185 0.276096 0
4190 0.280662 0
4195 0.288281 0
4200 0.298555 0
4205 0.310815 0
4210 0.324031 0
4215 0.336966 0
4220 0.34795 0
4225 0.355221 0
4230 0.358434 0
4235 0.357542 0
4240 0.354191 0
4245 0.349894 0
4250 0.345999 0
4255 0.34359 0
4260 0.343519 0
4265 0.346101 0
4270 0.35108 0
4275 0.358006 0
4280 0.366431 0
4285 0.37594 0
4290 0.385858 0
4295 0.395071 0
4300 0.402559 0
4305 0.40815 0
4310 0.412294 0
4315 0.416343 0
4320 0.420909 0
4325 0.426109 0
4330 0.432614 0
4335 0.441123 0
4340 0.451117 0
4345 0.460513 0
4350 0.467366 0
4355 0.470594 0
4360 0.466995 0
4365 0.459183 0
4370 0.448927 0
4375 0.437232 0
4380 0.423689 0
4385 0.408598 0
4390 0.393182 0
4395 0.378535 0
4400 0.365451 0
4405 0.354991 0
4410 0.347364 0
4415 0.342623 0
4420 0.340933 0
4425 0.342691 0
4430 0.348585 0
4435 0.359426 0
4440 0.37588 0
4445 0.398533 0
4450 0.427973 0
4455 0.465731 0
4460 0.51238 0
4465 0.569073 0
4470 0.635721 0
4475 0.698594 0
4480 0.751643 0
4485 0.794509 0
4490 0.825166 0
4495 0.849311 0
4500 0.865915 0
4505 0.876316 0
4510 0.889072 0
4515 0.910243 0
4520 0.92358 0
4525 0.928358 0
4530 0.926079 0
4535 0.918356 0
4540 0.912498 0
4545 0.911194 0
4550 0.920716 0
4555 0.962926 0
4560 1.00127 0
4565 1.03892 0
4570 1.07144 0
4575 1.10485 0
4580 1.13286 0
4585 1.15095 0
4590 1.17692 0
4595 1.19271 0
4600 1.20741 0
4605 1.20861 0
4610 1.22204 0
4615 1.22278 0
4620 1.22032 0
4625 1.21219 0
4630 1.19783 0
4635 1.17228 0
4640 1.14958 0
4645 1.11248 0
4650 1.07744 0
4655 1.03077 0
4660 0.997099 0
4665 0.954279 0
4670 0.906843 0
4675 0.858526 0
4680 0.819479 0
4685 0.791828 0
4690 0.758311 0
4695 0.728462 0
4700 0.692065 0
4705 0.662041 0
4710 0.633514 0
4715 0.605422 0
4720 0.581393 0
4725 0.565981 0
4730 0.555905 0
4735 0.553138 0
4740 0.562653 0
4745 0.572073 0
4750 0.580596 0
4755 0.582782 0
4760 0.580663 0
4765 0.575103 0
4770 0.568482 0
4775 0.565893 0
4780 0.565707 0
4785 0.571915 0
4790 0.583038 0
4795 0.604044 0
4800 0.630766 0
4805 0.669062 0
4810 0.706442 0
4815 0.735304 0
4820 0.757844 0
4825 0.77147 0
4830 0.786426 0
4835 0.793412 0
4840 0.791164 0
4845 0.777468 0
4850 0.759289 0
4855 0.735451 0
4860 0.712068 0
4865 0.690769 0
4870 0.673648 0
4875 0.659979 0
4880 0.652542 0
4885 0.651779 0
4890 0.661858 0
4895 0.680169 0
4900 0.712177 0
4905 0.762041 0
4910 0.808428 0
4915 0.853486 0
4920 0.893287 0
4925 0.926451 0
4930 0.955702 0
4935 0.978256 0
4940 1.00428 0
4945 1.03709 0
4950 1.05628 0
4955 1.07251 0
4960 1.08126 0
4965 1.07725 0
4970 1.06432 0
4975 1.04266 0
4980 1.01236 0
4985 0.971938 0
4990 0.925985 0
4995 0.879558 0
5000 0.829378 0
5005 0.782462 0
5010 0.73508 0
5015 0.693439 0
5020 0.659253 0
5025 0.630014 0
5030 0.606567 0
5035 0.590112 0
5040 0.578753 0
5045 0.570602 0
5050 0.566214 0
5055 0.568574 0
5060 0.576007 0
5065 0.583186 0
5070 0.586284 0
5075 0.588745 0
5080 0.591195 0
5085 0.59443 0
5090 0.600465 0
5095 0.609801 0
5100 0.623784 0
5105 0.641981 0
5110 0.661949 0
5115 0.676835 0
5120 0.689931 0
5125 0.701662 0
5130 0.714069 0
5135 0.731921 0
5140 0.756706 0
5145 0.777599 0
5150 0.791973 0
5155 0.801621 0
5160 0.806568 0
5165 0.804516 0
5170 0.802503 0
5175 0.799571 0
5180 0.808933 0
5185 0.820795 0
5190 0.833562 0
5195 0.84292 0
5200 0.859463 0
5205 0.869826 0
5210 0.872671 0
5215 0.875617 0
5220 0.870516 0
5225 0.865159 0
5230 0.861952 0
5235 0.857693 0
5240 0.849953 0
5245 0.846354 0
5250 0.839116 0
5255 0.83304 0
5260 0.829647 0
5265 0.831668 0
5270 0.836097 0
5275 0.841693 0
5280 0.853875 0
5285 0.869543 0
5290 0.886178 0
5295 0.900588 0
5300 0.913102 0
5305 0.921792 0
5310 0.929089 0
5315 0.933652 0
5320 0.938287 0
5325 0.943447 0
5330 0.935725 0
5335 0.926017 0
5340 0.910955 0
5345 0.889429 0
5350 0.865536 0
5355 0.837322 0
5360 0.806705 0
5365 0.777116 0
5370 0.749729 0
5375 0.729553 0
5380 0.714223 0
5385 0.725204 0
5390 0.751143 0
5395 0.775344 0
5400 0.79853 0
5405 0.824066 0
5410 0.844769 0
5415 0.859098 0
5420 0.88288 0
5425 0.897936 0
5430 0.919038 0
5435 0.929224 0
5440 0.946114 0
5445 0.95677 0
5450 0.972463 0
5455 0.974917 0
5460 0.973357 0
5465 0.966085 0
5470 0.955434 0
5475 0.941736 0
5480 0.926295 0
5485 0.897196 0
5490 0.874526 0
5495 0.845891 0
5500 0.826821 0
5505 0.804305 0
5510 0.801785 0
5515 0.798736 0
5520 0.804384 0
5525 0.820575 0
5530 0.832417 0
5535 0.849961 0
5540 0.881263 0
5545 0.909618 0
5550 0.939813 0
5555 0.972745 0
5560 1.00337 0
5565 1.03573 0
5570 1.06746 0
5575 1.09273 0
5580 1.1243 0
5585 1.15051 0
5590 1.17637 0
5595 1.19594 0
5600 1.22429 0
5605 1.23787 0
5610 1.25747 0
5615 1.27555 0
5620 1.29139 0
5625 1.30529 0
5630 1.3188 0
5635 1.3309 0
5640 1.33315 0
5645 1.33844 0
5650 1.33745 0
5655 1.33829 0
5660 1.33158 0
5665 1.32127 0
5670 1.31269 0
5675 1.29647 0
5680 1.27656 0
5685 1.25019 0
5690 1.22045 0
5695 1.18486 0
5700 1.14731 0
5705 1.10864 0
5710 1.06656 0
5715 1.02282 0
5720 0.974626 0
5725 0.927158 0
5730 0.88183 0
5735 0.851275 0
5740 0.83721 0
5745 0.83277 0
5750 0.828833 0
5755 0.830701 0
5760 0.827861 0
5765 0.827501 0
5770 0.83004 0
5775 0.838247 0
5780 0.847281 0
5785 0.85424 0
5790 0.869119 0
5795 0.879346 0
5800 0.889763 0
5805 0.896424 0
5810 0.905044 0
5815 0.909717 0
5820 0.913053 0
5825 0.917563 0
5830 0.919012 0
5835 0.917319 0
5840 0.918712 0
5845 0.923517 0
5850 0.927278 0
5855 0.929471 0
5860 0.938566 0
5865 0.941855 0
5870 0.947677 0
5875 0.955429 0
5880 0.957191 0
5885 0.962318 0
5890 0.963071 0
5895 0.969905 0
5900 0.973113 0
5905 0.971647 0
5910 0.973472 0
5915 0.973548 0
5920 0.97751 0
5925 0.97916 0
5930 0.978031 0
5935 0.973627 0
5940 0.966215 0
5945 0.959125 0
5950 0.946965 0
5955 0.932243 0
5960 0.91647 0
5965 0.893396 0
5970 0.87342 0
5975 0.852138 0
5980 0.846481 0
5985 0.851151 0
5990 0.857969 0
5995 0.866104 0
6000 0.873148 0
6005 0.881118 0
6010 0.892479 0
6015 0.897217 0
6020 0.903651 0
6025 0.909803 0
6030 0.915014 0
6035 0.920833 0
6040 0.916186 0
6045 0.918049 0
6050 0.912452 0
6055 0.902231 0
6060 0.892675 0
6065 0.880763 0
6070 0.86599 0
6075 0.853071 0
6080 0.842392 0
6085 0.841776 0
6090 0.847062 0
6095 0.854621 0
6100 0.853647 0
6105 0.854139 0
6110 0.843204 0
6115 0.837624 0
6120 0.837192 0
6125 0.834363 0
6130 0.831966 0
6135 0.829984 0
6140 0.826313 0
6145 0.830719 0
6150 0.829592 0
6155 0.829612 0
6160 0.834556 0
6165 0.838076 0
6170 0.843486 0
6175 0.846019 0
6180 0.848141 0
6185 0.851599 0
6190 0.847521 0
6195 0.840072 0
6200 0.835522 0
6205 0.821879 0
6210 0.813708 0
6215 0.798228 0
6220 0.779476 0
6225 0.759533 0
6230 0.736359 0
6235 0.711827 0
6240 0.685178 0
6245 0.654463 0
6250 0.622902 0
6255 0.591073 0
6260 0.557179 0
6265 0.524991 0
6270 0.489317 0
6275 0.455383 0
6280 0.421064 0
6285 0.390261 0
6290 0.360967 0
6295 0.333306 0
6300 0.308299 0
6305 0.287051 0
6310 0.268717 0
6315 0.253236 0
6320 0.240896 0
6325 0.231938 0
6330 0.226001 0
6335 0.223387 0
6340 0.223907 0
6345 0.227679 0
6350 0.2346 0
6355 0.24452 0
6360 0.256996 0
6365 0.271808 0
6370 0.288845 0
6375 0.30801 0
6380 0.329128 0
6385 0.352309 0
6390 0.378992 0
6395 0.420642 0
6400 0.468394 0
6405 0.514758 0
6410 0.558561 0
6415 0.597882 0
6420 0.636396 0
6425 0.669293 0
6430 0.708842 0
6435 0.749398 0
6440 0.790541 0
6445 0.825771 0
6450 0.866136 0
6455 0.897275 0
6460 0.933171 0
6465 0.963755 0
6470 0.991551 0
6475 1.01791 0
6480 1.0443 0
6485 1.06887 0
6490 1.08883 0
6495 1.11146 0
6500 1.12993 0
6505 1.14215 0
6510 1.16119 0
6515 1.17374 0
6520 1.18926 0
6525 1.19826 0
6530 1.21181 0
6535 1.21881 0
6540 1.22398 0
6545 1.23167 0
6550 1.23935 0
6555 1.242 0
6560 1.24814 0
6565 1.24856 0
6570 1.25249 0
6575 1.2508 0
6580 1.25005 0
6585 1.24936 0
6590 1.24468 0
6595 1.23816 0
6600 1.23107 0
6605 1.22126 0
6610 1.2132 0
6615 1.2057 0
6620 1.19772 0
6625 1.18751 0
6630 1.17727 0
6635 1.16483 0
6640 1.1524 0
6645 1.1377 0
6650 1.1254 0
6655 1.11585 0
6660 1.10908 0
6665 1.09777 0
6670 1.08944 0
6675 1.07975 0
6680 1.07335 0
6685 1.06486 0
6690 1.05803 0
6695 1.05137 0
6700 1.04624 0
6705 1.03841 0
6710 1.03144 0
6715 1.02526 0
6720 1.01869 0
6725 1.01317 0
6730 1.00853 0
6735 1.00308 0
6740 0.998246 0
6745 0.992322 0
6750 0.986227 0
6755 0.980778 0
6760 0.975966 0
6765 0.969293 0
6770 0.962249 0
6775 0.953773 0
6780 0.947103 0
6785 0.936777 0
6790 0.930667 0
6795 0.92095 0
6800 0.909148 0
6805 0.901593 0
6810 0.889982 0
6815 0.879696 0
6820 0.874371 0
6825 0.872068 0
6830 0.87006 0
6835 0.869806 0
6840 0.86879 0
6845 0.868613 0
6850 0.867909 0
6855 0.870594 0
6860 0.866632 0
6865 0.868747 0
6870 0.870769 0
6875 0.867584 0
6880 0.870676 0
6885 0.869906 0
6890 0.871146 0
6895 0.874837 0
6900 0.874683 0
6905 0.876642 0
6910 0.877958 0
6915 0.876292 0
6920 0.87789 0
6925 0.880889 0
6930 0.882067 0
6935 0.878841 0
6940 0.879319 0
6945 0.877743 0
6950 0.876998 0
6955 0.874291 0
6960 0.87315 0
6965 0.86814 0
6970 0.863039 0
6975 0.856926 0
6980 0.853695 0
6985 0.845819 0
6990 0.83707 0
6995 0.828815 0
7000 0.821436 0
7005 0.813302 0
7010 0.805114 0
7015 0.795687 0
7020 0.787987 0
7025 0.782898 0
7030 0.780286 0
7035 0.777839 0
7040 0.776687 0
7045 0.777132 0
7050 0.775946 0
7055 0.775273 0
7060 0.774764 0
7065 0.772997 0
7070 0.769456 0
7075 0.768295 0
7080 0.764446 0
7085 0.76454 0
7090 0.759027 0
7095 0.754454 0
7100 0.750609 0
7105 0.747357 0
7110 0.742463 0
7115 0.741641 0
7120 0.738835 0
7125 0.739882 0
7130 0.741595 0
7135 0.746022 0
7140 0.745456 0
7145 0.749461 0
7150 0.751477 0
7155 0.75068 0
7160 0.750353 0
7165 0.751853 0
7170 0.751903 0
7175 0.75786 0
7180 0.758191 0
7185 0.760652 0
7190 0.761945 0
7195 0.762322 0
7200 0.764415 0
7205 0.766159 0
7210 0.76676 0
7215 0.7665 0
7220 0.765997 0
7225 0.765315 0
7230 0.764542 0
7235 0.762851 0
7240 0.761331 0
7245 0.758843 0
7250 0.757495 0
7255 0.754743 0
7260 0.754494 0
7265 0.753699 0
7270 0.751076 0
7275 0.751161 0
7280 0.750882 0
7285 0.74836 0
7290 0.743953 0
7295 0.74292 0
7300 0.74033 0
7305 0.738269 0
7310 0.734523 0
7315 0.731285 0
7320 0.731666 0
7325 0.731537 0
7330 0.731729 0
7335 0.734185 0
7340 0.733316 0
7345 0.732256 0
7350 0.732128 0
7355 0.730308 0
7360 0.728905 0
7365 0.726694 0
7370 0.723165 0
7375 0.725115 0
7380 0.72732 0
7385 0.731611 0
7390 0.73296 0
7395 0.734246 0
7400 0.737576 0
7405 0.740142 0
7410 0.741892 0
7415 0.74211 0
7420 0.745537 0
7425 0.746089 0
7430 0.745279 0
7435 0.745818 0
7440 0.746201 0
7445 0.744539 0
7450 0.743962 0
7455 0.74075 0
7460 0.740007 0
7465 0.737212 0
7470 0.733002 0
7475 0.731506 0
7480 0.727345 0
7485 0.723071 0
7490 0.716133 0
7495 0.712397 0
7500 0.70463 0
7505 0.695969 0
7510 0.687862 0
7515 0.680868 0
7520 0.674683 0
7525 0.666832 0
7530 0.657282 0
7535 0.646404 0
7540 0.634726 0
7545 0.621709 0
7550 0.607772 0
7555 0.594163 0
7560 0.579536 0
7565 0.56388 0
7570 0.553935 0
7575 0.55555 0
7580 0.55748 0
7585 0.559837 0
7590 0.560068 0
7595 0.561901 0
7600 0.565532 0
7605 0.565694 0
7610 0.566894 0
7615 0.568864 0
7620 0.571094 0
7625 0.571305 0
7630 0.579084 0
7635 0.580223 0
7640 0.583238 0
7645 0.594217 0
7650 0.599591 0
7655 0.606877 0
7660 0.614357 0
7665 0.6213 0
7670 0.628144 0
7675 0.635327 0
7680 0.637015 0
7685 0.643197 0
7690 0.649866 0
7695 0.651082 0
7700 0.656171 0
7705 0.654524 0
7710 0.659927 0
7715 0.65733 0
7720 0.659308 0
7725 0.655596 0
7730 0.656423 0
7735 0.65228 0
7740 0.649838 0
7745 0.650723 0
7750 0.65431 0
7755 0.655856 0
7760 0.655617 0
7765 0.654296 0
7770 0.653023 0
7775 0.652335 0
7780 0.651692 0
7785 0.652922 0
7790 0.655957 0
7795 0.658168 0
7800 0.660926 0
7805 0.661634 0
7810 0.663282 0
7815 0.665008 0
7820 0.666389 0
7825 0.666593 0
7830 0.666682 0
7835 0.66895 0
7840 0.671868 0
7845 0.671218 0
7850 0.674029 0
7855 0.675424 0
7860 0.675783 0
7865 0.675009 0
7870 0.676681 0
7875 0.676069 0
7880 0.67785 0
7885 0.680184 0
7890 0.681838 0
7895 0.683279 0
7900 0.683968 0
7905 0.683637 0
7910 0.68361 0
7915 0.681261 0
7920 0.680632 0
7925 0.679512 0
7930 0.67562 0
7935 0.669659 0
7940 0.664248 0
7945 0.657324 0
7950 0.651873 0
7955 0.642353 0
7960 0.63082 0
7965 0.620446 0
7970 0.611657 0
7975 0.602134 0
7980 0.590587 0
7985 0.584805 0
7990 0.579767 0
7995 0.573064 0
8000 0.567269 0
8005 0.561851 0
8010 0.558942 0
8015 0.556002 0
8020 0.554604 0
8025 0.552511 0
8030 0.552224 0
8035 0.550679 0
8040 0.549766 0
8045 0.550941 0
8050 0.549903 0
8055 0.547695 0
8060 0.548571 0
8065 0.547519 0
8070 0.550175 0
8075 0.548184 0
8080 0.548655 0
8085 0.551574 0
8090 0.551036 0
8095 0.551738 0
8100 0.55255 0
8105 0.550234 0
8110 0.548794 0
8115 0.547037 0
8120 0.547273 0
8125 0.545756 0
8130 0.544115 0
8135 0.542266 0
8140 0.540203 0
8145 0.534385 0
8150 0.530677 0
8155 0.525067 0
8160 0.518627 0
8165 0.512431 0
8170 0.504235 0
8175 0.499011 0
8180 0.489093 0
8185 0.479173 0
8190 0.468163 0
8195 0.456102 0
8200 0.445417 0
8205 0.431556 0
8210 0.418369 0
8215 0.403629 0
8220 0.390021 0
8225 0.376433 0
8230 0.363865 0
8235 0.351855 0
8240 0.340684 0
8245 0.328589 0
8250 0.317815 0
8255 0.306074 0
8260 0.29625 0
8265 0.286632 0
8270 0.27692 0
8275 0.268954 0
8280 0.262101 0
8285 0.256027 0
8290 0.251866 0
8295 0.247759 0
8300 0.245558 0
8305 0.244801 0
8310 0.245012 0
8315 0.247071 0
8320 0.257186 0
8325 0.267163 0
8330 0.277538 0
8335 0.286523 0
8340 0.296181 0
8345 0.305759 0
8350 0.313072 0
8355 0.320425 0
8360 0.32741 0
8365 0.334955 0
8370 0.338472 0
8375 0.34551 0
8380 0.348943 0
8385 0.3525 0
8390 0.359154 0
8395 0.362266 0
8400 0.36564 0
8405 0.368797 0
8410 0.372077 0
8415 0.375501 0
8420 0.379142 0
8425 0.383342 0
8430 0.384924 0
8435 0.394267 0
8440 0.408906 0
8445 0.41909 0
8450 0.433647 0
8455 0.444172 0
8460 0.455896 0
8465 0.469525 0
8470 0.483162 0
8475 0.494667 0
8480 0.508211 0
8485 0.515559 0
8490 0.528089 0
8495 0.538225 0
8500 0.550093 0
8505 0.556956 0
8510 0.564946 0
8515 0.57451 0
8520 0.582079 0
8525 0.589302 0
8530 0.597442 0
8535 0.604736 0
8540 0.611474 0
8545 0.617302 0
8550 0.618576 0
8555 0.624409 0
8560 0.629465 0
8565 0.630445 0
8570 0.635459 0
8575 0.63937 0
8580 0.638637 0
8585 0.642968 0
8590 0.640378 0
8595 0.639014 0
8600 0.641582 0
8605 0.640416 0
8610 0.638731 0
8615 0.64142 0
8620 0.638237 0
8625 0.636286 0
8630 0.63372 0
8635 0.635463 0
8640 0.635168 0
8645 0.632817 0
8650 0.63065 0
8655 0.628514 0
8660 0.625433 0
8665 0.622541 0
8670 0.618274 0
8675 0.614191 0
8680 0.610977 0
8685 0.605429 0
8690 0.602607 0
8695 0.598999 0
8700 0.596857 0
8705 0.593316 0
8710 0.591369 0
8715 0.589279 0
8720 0.585908 0
8725 0.582575 0
8730 0.577506 0
8735 0.572952 0
8740 0.568501 0
8745 0.565333 0
8750 0.562701 0
8755 0.558876 0
8760 0.55592 0
8765 0.554451 0
8770 0.550572 0
8775 0.549217 0
8780 0.547728 0
8785 0.548691 0
8790 0.548282 0
8795 0.547934 0
8800 0.548487 0
8805 0.548103 0
8810 0.547285 0
8815 0.547281 0
8820 0.547913 0
8825 0.545367 0
8830 0.545114 0
8835 0.543397 0
8840 0.543725 0
8845 0.542661 0
8850 0.541628 0
8855 0.542032 0
8860 0.542518 0
8865 0.542632 0
8870 0.54114 0
8875 0.541805 0
8880 0.540149 0
8885 0.539252 0
8890 0.539108 0
8895 0.538329 0
8900 0.538946 0
8905 0.536095 0
8910 0.535136 0
8915 0.532662 0
8920 0.531076 0
8925 0.528884 0
8930 0.526677 0
8935 0.522817 0
8940 0.52012 0
8945 0.516924 0
8950 0.514112 0
8955 0.509596 0
8960 0.503989 0
8965 0.499171 0
8970 0.493847 0
8975 0.487281 0
8980 0.480994 0
8985 0.474023 0
8990 0.468829 0
8995 0.461477 0
9000 0.454702 0
9005 0.446389 0
9010 0.438848 0
9015 0.432809 0
9020 0.43025 0
9025 0.430345 0
9030 0.431215 0
9035 0.432265 0
9040 0.433013 0
9045 0.435533 0
9050 0.435869 0
9055 0.436638 0
9060 0.438671 0
9065 0.440833 0
9070 0.440334 0
9075 0.443162 0
9080 0.443742 0
9085 0.447235 0
9090 0.448438 0
9095 0.449174 0
9100 0.450426 0
9105 0.451549 0
9110 0.453402 0
9115 0.455913 0
9120 0.457859 0
9125 0.460614 0
9130 0.463304 0
9135 0.462799 0
9140 0.465239 0
9145 0.468092 0
9150 0.466995 0
9155 0.469578 0
9160 0.473133 0
9165 0.471946 0
9170 0.474708 0
9175 0.473974 0
9180 0.476886 0
9185 0.476726 0
9190 0.477412 0
9195 0.48132 0
9200 0.481821 0
9205 0.481862 0
9210 0.485159 0
9215 0.484848 0
9220 0.484347 0
9225 0.484474 0
9230 0.484199 0
9235 0.486779 0
9240 0.486153 0
9245 0.485205 0
9250 0.484335 0
9255 0.48293 0
9260 0.480754 0
9265 0.47935 0
9270 0.476967 0
9275 0.474941 0
9280 0.472717 0
9285 0.470683 0
9290 0.468155 0
9295 0.466243 0
9300 0.466622 0
9305 0.466795 0
9310 0.466974 0
9315 0.465862 0
9320 0.466328 0
9325 0.465519 0
9330 0.465739 0
9335 0.464418 0
9340 0.463665 0
9345 0.462784 0
9350 0.461763 0
9355 0.46064 0
9360 0.459486 0
9365 0.457088 0
9370 0.455869 0
9375 0.4537 0
9380 0.452034 0
9385 0.450601 0
9390 0.44864 0
9395 0.445288 0
9400 0.444195 0
9405 0.442362 0
9410 0.441865 0
9415 0.441635 0
9420 0.440116 0
9425 0.439751 0
9430 0.438773 0
9435 0.437454 0
9440 0.43682 0
9445 0.434811 0
9450 0.433554 0
9455 0.431943 0
9460 0.431646 0
9465 0.428683 0
9470 0.42593 0
9475 0.425059 0
9480 0.42256 0
9485 0.419764 0
9490 0.419244 0
9495 0.417242 0
9500 0.415717 0
9505 0.414309 0
9510 0.412623 0
9515 0.412655 0
9520 0.410275 0
9525 0.408959 0
9530 0.407169 0
9535 0.404099 0
9540 0.402164 0
9545 0.400076 0
9550 0.397362 0
9555 0.395723 0
9560 0.392776 0
9565 0.391274 0
9570 0.388416 0
9575 0.387017 0
9580 0.384182 0
9585 0.381755 0
9590 0.379087 0
9595 0.376748 0
9600 0.373537 0
9605 0.371593 0
9610 0.368615 0
9615 0.365709 0
9620 0.363038 0
9625 0.360436 0
9630 0.358881 0
9635 0.356527 0
9640 0.354549 0
9645 0.352446 0
9650 0.350963 0
9655 0.349741 0
9660 0.348788 0
9665 0.348532 0
9670 0.346522 0
9675 0.345579 0
9680 0.344841 0
9685 0.342822 0
9690 0.341935 0
9695 0.340831 0
9700 0.340134 0
9705 0.339345 0
9710 0.338648 0
9715 0.337242 0
9720 0.337208 0
9725 0.336829 0
9730 0.337179 0
9735 0.33769 0
9740 0.338931 0
9745 0.338424 0
9750 0.339397 0
9755 0.339052 0
9760 0.34022 0
9765 0.340099 0
9770 0.34053 0
9775 0.341311 0
9780 0.341747 0
9785 0.342626 0
9790 0.344261 0
9795 0.349433 0
9800 0.352719 0
9805 0.356193 0
9810 0.359957 0
9815 0.363201 0
9820 0.367988 0
9825 0.371041 0
9830 0.374899 0
9835 0.377209 0
9840 0.380681 0
9845 0.382845 0
9850 0.386385 0
9855 0.388384 0
9860 0.390819 0
9865 0.392869 0
9870 0.394549 0
9875 0.398814 0
9880 0.400783 0
9885 0.401659 0
9890 0.40337 0
9895 0.405544 0
9900 0.407395 0
9905 0.409318 0
9910 0.410863 0
9915 0.410119 0
9920 0.41145 0
9925 0.413168 0
9930 0.41251 0
9935 0.414053 0
9940 0.413145 0
9945 0.414357 0
9950 0.413334 0
9955 0.415408 0
9960 0.414497 0
9965 0.416196 0
9970 0.414919 0
9975 0.41373 0
9980 0.413658 0
9985 0.412253 0
9990 0.410228 0
9995 0.408701 0
10000 0.408204 0

