3300 1.10732 0
3305 1.09157 0
3310 1.06524 0
3315 1.03689 0
3320 0.999833 0
3325 0.949239 0
3330 0.909945 0
3335 0.870757 0
3340 0.851926 0
3345 0.828711 0
3350 0.814591 0
3355 0.793219 0
3360 0.773351 0
3365 0.745797 0
3370 0.71604 0
3375 0.683559 0
3380 0.659274 0
3385 0.636779 0
3390 0.622039 0
3395 0.608146 0
3400 0.601491 0
3405 0.626155 0
3410 0.667904 0
3415 0.721839 0
3420 0.791285 0
3425 0.854349 0
3430 0.918438 0
3435 0.978475 0
3440 1.03383 0
3445 1.08556 0
3450 1.12993 0
3455 1.17336 0
3460 1.20361 0
3465 1.22723 0
3470 1.24062 0
3475 1.26507 0
3480 1.28798 0
3485 1.30653 0
3490 1.31867 0
3495 1.31775 0
3500 1.31348 0
3505 1.29981 0
3510 1.27733 0
3515 1.24927 0
3520 1.21281 0
3525 1.18504 0
3530 1.17109 0
3535 1.16614 0
3540 1.16947 0
3545 1.17937 0
3550 1.18274 0
3555 1.19426 0
3560 1.20493 0
3565 1.2209 0
3570 1.23245 0
3575 1.25023 0
3580 1.26534 0
3585 1.28394 0
3590 1.29888 0
3595 1.31271 0
3600 1.32518 0
3605 1.3327 0
3610 1.33522 0
3615 1.33454 0
3620 1.32694 0
3625 1.31375 0
3630 1.29745 0
3635 1.27703 0
3640 1.24879 0
3645 1.21228 0
3650 1.17455 0
3655 1.14653 0
3660 1.11761 0
3665 1.09051 0
3670 1.0816 0
3675 1.06937 0
3680 1.05733 0
3685 1.05039 0
3690 1.0658 0
3695 1.08021 0
3700 1.09435 0
3705 1.11105 0
3710 1.12244 0
3715 1.13228 0
3720 1.13802 0
3725 1.1481 0
3730 1.17196 0
3735 1.19324 0
3740 1.21835 0
3745 1.23455 0
3750 1.25223 0
3755 1.27033 0
3760 1.28315 0
3765 1.28903 0
3770 1.29437 0
3775 1.30893 0
3780 1.31837 0
3785 1.32336 0
3790 1.3238 0
3795 1.32291 0
3800 1.31941 0
3805 1.31186 0
3810 1.29681 0
3815 1.28744 0
3820 1.27114 0
3825 1.2477 0
3830 1.22657 0
3835 1.20625 0
3840 1.20175 0
3845 1.19521 0
3850 1.19115 0
3855 1.17993 0
3860 1.16989 0
3865 1.15716 0
3870 1.15817 0
3875 1.17683 0
3880 1.19267 0
3885 1.20728 0
3890 1.21936 0
3895 1.23543 0
3900 1.2536 0
3905 1.26968 0
3910 1.28819 0
3915 1.29805 0
3920 1.3149 0
3925 1.32667 0
3930 1.3444 0
3935 1.36379 0
3940 1.37201 0
3945 1.38394 0
3950 1.39241 0
3955 1.40163 0
3960 1.40883 0
3965 1.41404 0
3970 1.4172 0
3975 1.4196 0
3980 1.41911 0
3985 1.41553 0
3990 1.41299 0
3995 1.40638 0
4000 1.39693 0
4005 1.38483 0
4010 1.36665 0
4015 1.34771 0
4020 1.3315 0
4025 1.31819 0
4030 1.30192 0
4035 1.27917 0
4040 1.25052 0
4045 1.21212 0
4050 1.16459 0
4055 1.11133 0
4060 1.05012 0
4065 1.00002 0
4070 0.988705 0
4075 0.98687 0
4080 0.97859 0
4085 0.965167 0
4090 0.941362 0
4095 0.909369 0
4100 0.87463 0
4105 0.827907 0
4110 0.789055 0
4115 0.75198 0
4120 0.73401 0
4125 0.782113 0
4130 0.83019 0
4135 0.888008 0
4140 0.934775 0
4145 0.987167 0
4150 1.03192 0
4155 1.05952 0
4160 1.10042 0
4165 1.12721 0
4170 1.15212 0
4175 1.17183 0
4180 1.16718 0
4185 1.1574 0
4190 1.16601 0
4195 1.18132 0
4200 1.18508 0
4205 1.20427 0
4210 1.21051 0
4215 1.19707 0
4220 1.18518 0
4225 1.1541 0
4230 1.11169 0
4235 1.0715 0
4240 1.06027 0
4245 1.07698 0
4250 1.09 0
4255 1.09628 0
4260 1.09674 0
4265 1.09065 0
4270 1.0871 0
4275 1.09647 0
4280 1.1268 0
4285 1.14139 0
4290 1.14353 0
4295 1.15144 0
4300 1.14694 0
4305 1.18045 0
4310 1.21694 0
4315 1.25032 0
4320 1.27777 0
4325 1.29882 0
4330 1.31654 0
4335 1.33221 0
4340 1.34755 0
4345 1.34122 0
4350 1.33 0
4355 1.30232 0
4360 1.26815 0
4365 1.21963 0
4370 1.16638 0
4375 1.11003 0
4380 1.04369 0
4385 0.963506 0
4390 0.896623 0
4395 0.835125 0
4400 0.775764 0
4405 0.741458 0
4410 0.700631 0
4415 0.660669 0
4420 0.622868 0
4425 0.592789 0
4430 0.576668 0
4435 0.571504 0
4440 0.572714 0
4445 0.576477 0
4450 0.582529 0
4455 0.592557 0
4460 0.612743 0
4465 0.653792 0
4470 0.72348 0
4475 0.785203 0
4480 0.840273 0
4485 0.88783 0
4490 0.922345 0
4495 0.951442 0
4500 0.975924 0
4505 0.993063 0
4510 1.01952 0
4515 1.07555 0
4520 1.12819 0
4525 1.17156 0
4530 1.2192 0
4535 1.25076 0
4540 1.28587 0
4545 1.32099 0
4550 1.35149 0
4555 1.38831 0
4560 1.42621 0
4565 1.45539 0
4570 1.47901 0
4575 1.49512 0
4580 1.52172 0
4585 1.53466 0
4590 1.54908 0
4595 1.54356 0
4600 1.54879 0
4605 1.55397 0
4610 1.5581 0
4615 1.5591 0
4620 1.56972 0
4625 1.57096 0
4630 1.57146 0
4635 1.56719 0
4640 1.5619 0
4645 1.55794 0
4650 1.54954 0
4655 1.54488 0
4660 1.53691 0
4665 1.5293 0
4670 1.51786 0
4675 1.50679 0
4680 1.49608 0
4685 1.48571 0
4690 1.4756 0
4695 1.46555 0
4700 1.4509 0
4705 1.44082 0
4710 1.42581 0
4715 1.41489 0
4720 1.39754 0
4725 1.37776 0
4730 1.3556 0
4735 1.32897 0
4740 1.29655 0
4745 1.25756 0
4750 1.21147 0
4755 1.15686 0
4760 1.09383 0
4765 1.02349 0
4770 0.949307 0
4775 0.875105 0
4780 0.805208 0
4785 0.744502 0
4790 0.696286 0
4795 0.693556 0
4800 0.71856 0
4805 0.751292 0
4810 0.777596 0
4815 0.811726 0
4820 0.838609 0
4825 0.867368 0
4830 0.881402 0
4835 0.906885 0
4840 0.912041 0
4845 0.895398 0
4850 0.887183 0
4855 0.85872 0
4860 0.84266 0
4865 0.812732 0
4870 0.787347 0
4875 0.768631 0
4880 0.758132 0
4885 0.754888 0
4890 0.809849 0
4895 0.872687 0
4900 0.913265 0
4905 0.962825 0
4910 1.02633 0
4915 1.07655 0
4920 1.11662 0
4925 1.15891 0
4930 1.2022 0
4935 1.24593 0
4940 1.28895 0
4945 1.33113 0
4950 1.35267 0
4955 1.36996 0
4960 1.3821 0
4965 1.38762 0
4970 1.38626 0
4975 1.37748 0
4980 1.35901 0
4985 1.31196 0
4990 1.27276 0
4995 1.20714 0
5000 1.13622 0
5005 1.07803 0
5010 1.00557 0
5015 0.937351 0
5020 0.875875 0
5025 0.823497 0
5030 0.781073 0
5035 0.765806 0
5040 0.777311 0
5045 0.7912 0
5050 0.800264 0
5055 0.816134 0
5060 0.836377 0
5065 0.874982 0
5070 0.900254 0
5075 0.928575 0
5080 0.953759 0
5085 0.973613 0
5090 0.991583 0
5095 0.99244 0
5100 1.00679 0
5105 1.02782 0
5110 1.04328 0
5115 1.05155 0
5120 1.05421 0
5125 1.05642 0
5130 1.04514 0
5135 1.04367 0
5140 1.05746 0
5145 1.06351 0
5150 1.06393 0
5155 1.05869 0
5160 1.05697 0
5165 1.03562 0
5170 1.02434 0
5175 1.01399 0
5180 1.03489 0
5185 1.06116 0
5190 1.08625 0
5195 1.11008 0
5200 1.14431 0
5205 1.16418 0
5210 1.17944 0
5215 1.20332 0
5220 1.21764 0
5225 1.23961 0
5230 1.2583 0
5235 1.28614 0
5240 1.30287 0
5245 1.33244 0
5250 1.34677 0
5255 1.36389 0
5260 1.38261 0
5265 1.39573 0
5270 1.40981 0
5275 1.41192 0
5280 1.42193 0
5285 1.42604 0
5290 1.43874 0
5295 1.44041 0
5300 1.45528 0
5305 1.45676 0
5310 1.45932 0
5315 1.45891 0
5320 1.45848 0
5325 1.45874 0
5330 1.4515 0
5335 1.4496 0
5340 1.44273 0
5345 1.43378 0
5350 1.42884 0
5355 1.41918 0
5360 1.40774 0
5365 1.3963 0
5370 1.38295 0
5375 1.36784 0
5380 1.35175 0
5385 1.33659 0
5390 1.32409 0
5395 1.31707 0
5400 1.31035 0
5405 1.30313 0
5410 1.2966 0
5415 1.29027 0
5420 1.28616 0
5425 1.28029 0
5430 1.27832 0
5435 1.27191 0
5440 1.2697 0
5445 1.26819 0
5450 1.2651 0
5455 1.26554 0
5460 1.26362 0
5465 1.26258 0
5470 1.26207 0
5475 1.262 0
5480 1.26259 0
5485 1.26368 0
5490 1.2622 0
5495 1.26362 0
5500 1.26257 0
5505 1.26463 0
5510 1.26392 0
5515 1.26338 0
5520 1.26594 0
5525 1.26518 0
5530 1.26425 0
5535 1.2634 0
5540 1.26203 0
5545 1.2605 0
5550 1.25893 0
5555 1.25696 0
5560 1.2551 0
5565 1.25311 0
5570 1.25073 0
5575 1.24864 0
5580 1.24664 0
5585 1.24441 0
5590 1.24243 0
5595 1.24019 0
5600 1.23839 0
5605 1.23633 0
5610 1.23451 0
5615 1.23262 0
5620 1.2304 0
5625 1.22831 0
5630 1.22634 0
5635 1.22428 0
5640 1.22247 0
5645 1.22038 0
5650 1.21831 0
5655 1.2161 0
5660 1.21405 0
5665 1.21217 0
5670 1.21031 0
5675 1.20861 0
5680 1.20694 0
5685 1.20568 0
5690 1.20464 0
5695 1.20355 0
5700 1.20261 0
5705 1.20175 0
5710 1.2006 0
5715 1.1999 0
5720 1.19877 0
5725 1.19762 0
5730 1.1966 0
5735 1.19553 0
5740 1.19436 0
5745 1.19338 0
5750 1.19232 0
5755 1.19126 0
5760 1.19037 0
5765 1.18912 0
5770 1.18745 0
5775 1.1859 0
5780 1.1845 0
5785 1.18257 0
5790 1.18046 0
5795 1.17838 0
5800 1.17649 0
5805 1.1749 0
5810 1.17291 0
5815 1.1708 0
5820 1.16858 0
5825 1.16594 0
5830 1.163 0
5835 1.15959 0
5840 1.15819 0
5845 1.15744 0
5850 1.15688 0
5855 1.15597 0
5860 1.15512 0
5865 1.15434 0
5870 1.15297 0
5875 1.15254 0
5880 1.15158 0
5885 1.15066 0
5890 1.14896 0
5895 1.14845 0
5900 1.1469 0
5905 1.14607 0
5910 1.14439 0
5915 1.1423 0
5920 1.14041 0
5925 1.13791 0
5930 1.1365 0
5935 1.13501 0
5940 1.13166 0
5945 1.12939 0
5950 1.1264 0
5955 1.12166 0
5960 1.11828 0
5965 1.11262 0
5970 1.10614 0
5975 1.09988 0
5980 1.09149 0
5985 1.08268 0
5990 1.07713 0
5995 1.07697 0
6000 1.07562 0
6005 1.07456 0
6010 1.07349 0
6015 1.07092 0
6020 1.07095 0
6025 1.06921 0
6030 1.06824 0
6035 1.06644 0
6040 1.06289 0
6045 1.05843 0
6050 1.05421 0
6055 1.04809 0
6060 1.0393 0
6065 1.03137 0
6070 1.02095 0
6075 1.01007 0
6080 1.00426 0
6085 1.00807 0
6090 1.00993 0
6095 1.01576 0
6100 1.02251 0
6105 1.02508 0
6110 1.02682 0
6115 1.03426 0
6120 1.03794 0
6125 1.0392 0
6130 1.04455 0
6135 1.05105 0
6140 1.05013 0
6145 1.05415 0
6150 1.0565 0
6155 1.05776 0
6160 1.06119 0
6165 1.06474 0
6170 1.06889 0
6175 1.07087 0
6180 1.07565 0
6185 1.08066 0
6190 1.08278 0
6195 1.08331 0
6200 1.08525 0
6205 1.08411 0
6210 1.08603 0
6215 1.08261 0
6220 1.08067 0
6225 1.08057 0
6230 1.07434 0
6235 1.06812 0
6240 1.05932 0
6245 1.04941 0
6250 1.03906 0
6255 1.02986 0
6260 1.019 0
6265 1.0068 0
6270 0.99275 0
6275 0.979087 0
6280 0.963666 0
6285 0.950802 0
6290 0.950515 0
6295 0.950955 0
6300 0.950398 0
6305 0.95255 0
6310 0.953398 0
6315 0.950034 0
6320 0.952471 0
6325 0.954023 0
6330 0.954678 0
6335 0.956333 0
6340 0.954446 0
6345 0.959444 0
6350 0.963583 0
6355 0.974588 0
6360 0.979572 0
6365 0.98599 0
6370 0.991583 0
6375 0.998731 0
6380 1.00703 0
6385 1.01394 0
6390 1.0156 0
6395 1.02355 0
6400 1.03258 0
6405 1.03565 0
6410 1.04366 0
6415 1.04638 0
6420 1.05487 0
6425 1.05857 0
6430 1.06079 0
6435 1.06695 0
6440 1.06846 0
6445 1.0699 0
6450 1.0709 0
6455 1.06962 0
6460 1.07075 0
6465 1.07089 0
6470 1.06939 0
6475 1.06756 0
6480 1.06699 0
6485 1.06438 0
6490 1.06161 0
6495 1.0606 0
6500 1.05767 0
6505 1.05438 0
6510 1.05155 0
6515 1.04873 0
6520 1.04552 0
6525 1.04247 0
6530 1.03935 0
6535 1.03656 0
6540 1.03343 0
6545 1.03019 0
6550 1.02728 0
6555 1.02472 0
6560 1.02184 0
6565 1.01907 0
6570 1.01647 0
6575 1.01374 0
6580 1.01128 0
6585 1.00875 0
6590 1.00648 0
6595 1.0042 0
6600 1.00201 0
6605 1.00002 0
6610 0.997848 0
6615 0.995882 0
6620 0.993998 0
6625 0.992021 0
6630 0.99023 0
6635 0.988359 0
6640 0.986688 0
6645 0.984896 0
6650 0.983169 0
6655 0.981478 0
6660 0.979963 0
6665 0.978337 0
6670 0.976741 0
6675 0.975122 0
6680 0.973509 0
6685 0.972001 0
6690 0.970485 0
6695 0.96898 0
6700 0.967495 0
6705 0.966029 0
6710 0.964575 0
6715 0.963108 0
6720 0.961612 0
6725 0.960095 0
6730 0.958662 0
6735 0.957247 0
6740 0.955898 0
6745 0.954604 0
6750 0.953347 0
6755 0.952108 0
6760 0.950874 0
6765 0.949584 0
6770 0.948297 0
6775 0.947089 0
6780 0.945986 0
6785 0.944882 0
6790 0.943959 0
6795 0.942984 0
6800 0.941986 0
6805 0.941083 0
6810 0.940156 0
6815 0.939226 0
6820 0.938241 0
6825 0.937389 0
6830 0.936468 0
6835 0.935577 0
6840 0.934656 0
6845 0.93367 0
6850 0.932753 0
6855 0.931744 0
6860 0.93075 0
6865 0.929835 0
6870 0.928816 0
6875 0.92766 0
6880 0.926528 0
6885 0.925491 0
6890 0.924564 0
6895 0.923508 0
6900 0.922374 0
6905 0.921317 0
6910 0.920157 0
6915 0.919041 0
6920 0.91779 0
6925 0.916575 0
6930 0.915244 0
6935 0.913894 0
6940 0.912415 0
6945 0.91104 0
6950 0.909602 0
6955 0.908133 0
6960 0.906642 0
6965 0.905055 0
6970 0.903367 0
6975 0.901573 0
6980 0.899769 0
6985 0.897739 0
6990 0.895637 0
6995 0.893423 0
7000 0.891219 0
7005 0.888974 0
7010 0.886617 0
7015 0.884002 0
7020 0.881211 0
7025 0.878107 0
7030 0.874961 0
7035 0.872473 0
7040 0.87087 0
7045 0.869607 0
7050 0.868042 0
7055 0.866573 0
7060 0.865036 0
7065 0.863105 0
7070 0.860773 0
7075 0.85878 0
7080 0.856651 0
7085 0.854542 0
7090 0.851793 0
7095 0.848558 0
7100 0.846128 0
7105 0.842797 0
7110 0.839211 0
7115 0.836727 0
7120 0.836106 0
7125 0.835226 0
7130 0.83473 0
7135 0.835191 0
7140 0.83477 0
7145 0.835968 0
7150 0.836778 0
7155 0.836968 0
7160 0.837795 0
7165 0.838594 0
7170 0.838329 0
7175 0.839749 0
7180 0.840029 0
7185 0.841181 0
7190 0.841229 0
7195 0.840964 0
7200 0.841821 0
7205 0.84191 0
7210 0.841623 0
7215 0.841266 0
7220 0.840697 0
7225 0.838763 0
7230 0.837903 0
7235 0.83671 0
7240 0.8335 0
7245 0.831622 0
7250 0.827936 0
7255 0.825508 0
7260 0.821981 0
7265 0.819323 0
7270 0.818589 0
7275 0.817496 0
7280 0.816823 0
7285 0.816744 0
7290 0.815589 0
7295 0.81475 0
7300 0.813867 0
7305 0.812274 0
7310 0.810645 0
7315 0.809538 0
7320 0.809077 0
7325 0.808023 0
7330 0.808371 0
7335 0.807733 0
7340 0.806993 0
7345 0.806594 0
7350 0.806676 0
7355 0.806674 0
7360 0.806923 0
7365 0.80752 0
7370 0.807404 0
7375 0.808514 0
7380 0.808906 0
7385 0.808768 0
7390 0.809403 0
7395 0.809142 0
7400 0.809952 0
7405 0.809733 0
7410 0.810612 0
7415 0.80998 0
7420 0.810999 0
7425 0.810773 0
7430 0.809156 0
7435 0.80829 0
7440 0.80862 0
7445 0.806518 0
7450 0.804885 0
7455 0.802597 0
7460 0.800929 0
7465 0.798659 0
7470 0.795974 0
7475 0.793803 0
7480 0.790422 0
7485 0.786824 0
7490 0.782506 0
7495 0.778563 0
7500 0.773386 0
7505 0.767932 0
7510 0.763105 0
7515 0.761895 0
7520 0.76104 0
7525 0.760046 0
7530 0.76007 0
7535 0.758478 0
7540 0.758489 0
7545 0.757383 0
7550 0.756733 0
7555 0.756478 0
7560 0.756222 0
7565 0.7547 0
7570 0.755614 0
7575 0.754733 0
7580 0.755935 0
7585 0.755659 0
7590 0.755261 0
7595 0.755557 0
7600 0.755739 0
7605 0.756459 0
7610 0.756989 0
7615 0.758082 0
7620 0.756549 0
7625 0.757602 0
7630 0.758781 0
7635 0.757958 0
7640 0.759495 0
7645 0.761431 0
7650 0.760863 0
7655 0.76298 0
7660 0.762533 0
7665 0.762162 0
7670 0.764366 0
7675 0.763921 0
7680 0.763482 0
7685 0.763091 0
7690 0.765242 0
7695 0.764744 0
7700 0.764035 0
7705 0.763259 0
7710 0.762545 0
7715 0.761665 0
7720 0.760676 0
7725 0.759674 0
7730 0.758544 0
7735 0.757348 0
7740 0.756152 0
7745 0.754899 0
7750 0.753332 0
7755 0.752078 0
7760 0.750761 0
7765 0.749161 0
7770 0.74785 0
7775 0.746425 0
7780 0.745145 0
7785 0.743684 0
7790 0.742374 0
7795 0.74093 0
7800 0.739709 0
7805 0.738265 0
7810 0.736882 0
7815 0.735479 0
7820 0.734267 0
7825 0.732884 0
7830 0.731569 0
7835 0.730222 0
7840 0.72886 0
7845 0.727526 0
7850 0.726238 0
7855 0.725009 0
7860 0.723788 0
7865 0.722534 0
7870 0.721363 0
7875 0.720195 0
7880 0.719055 0
7885 0.717911 0
7890 0.716796 0
7895 0.715734 0
7900 0.714664 0
7905 0.713571 0
7910 0.712538 0
7915 0.711451 0
7920 0.710394 0
7925 0.709367 0
7930 0.708299 0
7935 0.707234 0
7940 0.706148 0
7945 0.705065 0
7950 0.703997 0
7955 0.702984 0
7960 0.701891 0
7965 0.70087 0
7970 0.699767 0
7975 0.698676 0
7980 0.69761 0
7985 0.696417 0
7990 0.695331 0
7995 0.694107 0
8000 0.692916 0
8005 0.691689 0
8010 0.690408 0
8015 0.68917 0
8020 0.687891 0
8025 0.68658 0
8030 0.685286 0
8035 0.68399 0
8040 0.682624 0
8045 0.68117 0
8050 0.679822 0
8055 0.678371 0
8060 0.676907 0
8065 0.675357 0
8070 0.673825 0
8075 0.672819 0
8080 0.671767 0
8085 0.670898 0
8090 0.669819 0
8095 0.668899 0
8100 0.668065 0
8105 0.667137 0
8110 0.666277 0
8115 0.665517 0
8120 0.66464 0
8125 0.663958 0
8130 0.663139 0
8135 0.662621 0
8140 0.661884 0
8145 0.661166 0
8150 0.660935 0
8155 0.660147 0
8160 0.659623 0
8165 0.659071 0
8170 0.658459 0
8175 0.657598 0
8180 0.656936 0
8185 0.656346 0
8190 0.655762 0
8195 0.654833 0
8200 0.654311 0
8205 0.653473 0
8210 0.652921 0
8215 0.651955 0
8220 0.651474 0
8225 0.650621 0
8230 0.650033 0
8235 0.649271 0
8240 0.648645 0
8245 0.648071 0
8250 0.64729 0
8255 0.646234 0
8260 0.645478 0
8265 0.644909 0
8270 0.64399 0
8275 0.643337 0
8280 0.642654 0
8285 0.64204 0
8290 0.641461 0
8295 0.640899 0
8300 0.640227 0
8305 0.63969 0
8310 0.639114 0
8315 0.638545 0
8320 0.637754 0
8325 0.637152 0
8330 0.636592 0
8335 0.635845 0
8340 0.635402 0
8345 0.634524 0
8350 0.633916 0
8355 0.633292 0
8360 0.632526 0
8365 0.632037 0
8370 0.631294 0
8375 0.630826 0
8380 0.630004 0
8385 0.629447 0
8390 0.628857 0
8395 0.628052 0
8400 0.62764 0
8405 0.62698 0
8410 0.626151 0
8415 0.625553 0
8420 0.624651 0
8425 0.624142 0
8430 0.623462 0
8435 0.622678 0
8440 0.621812 0
8445 0.621191 0
8450 0.620475 0
8455 0.619652 0
8460 0.618841 0
8465 0.618146 0
8470 0.617306 0
8475 0.616493 0
8480 0.615659 0
8485 0.614733 0
8490 0.613854 0
8495 0.612961 0
8500 0.612073 0
8505 0.611172 0
8510 0.610267 0
8515 0.609347 0
8520 0.608443 0
8525 0.607579 0
8530 0.606676 0
8535 0.605806 0
8540 0.60488 0
8545 0.60397 0
8550 0.603098 0
8555 0.602198 0
8560 0.601354 0
8565 0.600425 0
8570 0.599536 0
8575 0.598663 0
8580 0.597774 0
8585 0.596946 0
8590 0.596073 0
8595 0.595269 0
8600 0.594438 0
8605 0.593604 0
8610 0.592805 0
8615 0.591988 0
8620 0.591228 0
8625 0.5904 0
8630 0.589582 0
8635 0.588767 0
8640 0.587924 0
8645 0.587136 0
8650 0.58629 0
8655 0.585427 0
8660 0.584573 0
8665 0.583688 0
8670 0.582768 0
8675 0.581881 0
8680 0.580935 0
8685 0.579979 0
8690 0.578971 0
8695 0.578133 0
8700 0.577278 0
8705 0.576363 0
8710 0.57548 0
8715 0.574669 0
8720 0.573846 0
8725 0.573006 0
8730 0.572125 0
8735 0.57123 0
8740 0.570296 0
8745 0.569448 0
8750 0.568565 0
8755 0.56781 0
8760 0.567073 0
8765 0.56633 0
8770 0.565502 0
8775 0.564723 0
8780 0.563902 0
8785 0.56315 0
8790 0.562288 0
8795 0.561462 0
8800 0.560602 0
8805 0.559704 0
8810 0.558714 0
8815 0.557672 0
8820 0.556755 0
8825 0.555622 0
8830 0.554534 0
8835 0.55326 0
8840 0.552155 0
8845 0.551134 0
8850 0.550007 0
8855 0.54891 0
8860 0.547889 0
8865 0.546733 0
8870 0.545611 0
8875 0.54451 0
8880 0.543389 0
8885 0.542298 0
8890 0.541199 0
8895 0.540334 0
8900 0.53947 0
8905 0.538536 0
8910 0.537535 0
8915 0.536432 0
8920 0.535189 0
8925 0.534029 0
8930 0.532912 0
8935 0.531563 0
8940 0.530728 0
8945 0.52995 0
8950 0.529312 0
8955 0.528647 0
8960 0.527817 0
8965 0.527098 0
8970 0.526761 0
8975 0.526205 0
8980 0.525656 0
8985 0.525078 0
8990 0.524757 0
8995 0.524046 0
9000 0.523932 0
9005 0.523253 0
9010 0.522793 0
9015 0.522508 0
9020 0.522118 0
9025 0.521883 0
9030 0.521577 0
9035 0.521371 0
9040 0.520886 0
9045 0.520748 0
9050 0.520341 0
9055 0.520014 0
9060 0.519758 0
9065 0.519734 0
9070 0.519701 0
9075 0.519474 0
9080 0.51939 0
9085 0.519144 0
9090 0.519265 0
9095 0.51892 0
9100 0.518912 0
9105 0.518774 0
9110 0.518647 0
9115 0.518334 0
9120 0.51786 0
9125 0.517433 0
9130 0.51734 0
9135 0.517025 0
9140 0.516456 0
9145 0.515946 0
9150 0.515563 0
9155 0.515109 0
9160 0.514529 0
9165 0.513765 0
9170 0.51321 0
9175 0.512776 0
9180 0.512327 0
9185 0.511706 0
9190 0.511239 0
9195 0.510524 0
9200 0.510009 0
9205 0.509253 0
9210 0.508583 0
9215 0.507863 0
9220 0.507219 0
9225 0.506647 0
9230 0.506056 0
9235 0.505283 0
9240 0.504628 0
9245 0.50384 0
9250 0.503281 0
9255 0.502518 0
9260 0.501696 0
9265 0.500907 0
9270 0.500174 0
9275 0.499343 0
9280 0.498581 0
9285 0.497692 0
9290 0.496697 0
9295 0.495808 0
9300 0.495025 0
9305 0.494192 0
9310 0.493572 0
9315 0.492785 0
9320 0.492113 0
9325 0.491402 0
9330 0.490843 0
9335 0.490112 0
9340 0.48948 0
9345 0.488887 0
9350 0.48831 0
9355 0.487587 0
9360 0.487084 0
9365 0.486384 0
9370 0.485677 0
9375 0.485176 0
9380 0.484511 0
9385 0.484081 0
9390 0.483489 0
9395 0.482881 0
9400 0.482385 0
9405 0.4818 0
9410 0.481083 0
9415 0.480624 0
9420 0.480086 0
9425 0.479567 0
9430 0.478915 0
9435 0.47838 0
9440 0.477959 0
9445 0.477328 0
9450 0.476857 0
9455 0.476212 0
9460 0.475752 0
9465 0.475105 0
9470 0.474655 0
9475 0.474018 0
9480 0.473432 0
9485 0.472924 0
9490 0.472335 0
9495 0.471688 0
9500 0.471221 0
9505 0.470609 0
9510 0.469967 0
9515 0.469324 0
9520 0.468679 0
9525 0.468186 0
9530 0.467491 0
9535 0.466794 0
9540 0.46608 0
9545 0.465416 0
9550 0.464672 0
9555 0.46391 0
9560 0.46322 0
9565 0.46252 0
9570 0.461792 0
9575 0.461094 0
9580 0.460316 0
9585 0.459568 0
9590 0.458871 0
9595 0.458162 0
9600 0.457524 0
9605 0.456829 0
9610 0.456177 0
9615 0.45546 0
9620 0.454767 0
9625 0.454035 0
9630 0.453341 0
9635 0.452588 0
9640 0.451829 0
9645 0.451092 0
9650 0.450285 0
9655 0.449482 0
9660 0.448635 0
9665 0.447795 0
9670 0.446889 0
9675 0.445982 0
9680 0.444953 0
9685 0.443881 0
9690 0.442812 0
9695 0.441699 0
9700 0.440556 0
9705 0.439346 0
9710 0.438066 0
9715 0.436685 0
9720 0.435288 0
9725 0.433783 0
9730 0.43246 0
9735 0.431968 0
9740 0.431635 0
9745 0.431088 0
9750 0.430707 0
9755 0.430409 0
9760 0.430047 0
9765 0.429594 0
9770 0.429277 0
9775 0.429056 0
9780 0.428369 0
9785 0.428355 0
9790 0.427814 0
9795 0.42785 0
9800 0.427418 0
9805 0.426999 0
9810 0.426592 0
9815 0.426317 0
9820 0.426053 0
9825 0.425808 0
9830 0.425622 0
9835 0.425487 0
9840 0.425342 0
9845 0.425285 0
9850 0.424518 0
9855 0.424522 0
9860 0.424512 0
9865 0.423816 0
9870 0.423915 0
9875 0.423993 0
9880 0.423421 0
9885 0.423537 0
9890 0.422935 0
9895 0.42309 0
9900 0.422547 0
9905 0.422732 0
9910 0.422215 0
9915 0.421726 0
9920 0.422034 0
9925 0.421636 0
9930 0.421204 0
9935 0.420765 0
9940 0.421086 0
9945 0.42064 0
9950 0.420175 0
9955 0.419732 0
9960 0.41922 0
9965 0.419523 0
9970 0.418971 0
9975 0.418462 0
9980 0.417921 0
9985 0.417455 0
9990 0.416927 0
9995 0.416408 0
10000 0.415848 0

