3300 1.13738 0
3305 1.14015 0
3310 1.1429 0
3315 1.14563 0
3320 1.14834 0
3325 1.15103 0
3330 1.15371 0
3335 1.15636 0
3340 1.159 0
3345 1.16161 0
3350 1.1642 0
3355 1.16677 0
3360 1.16932 0
3365 1.17185 0
3370 1.17436 0
3375 1.17685 0
3380 1.17934 0
3385 1.18182 0
3390 1.18429 0
3395 1.18675 0
3400 1.1892 0
3405 1.19165 0
3410 1.19408 0
3415 1.1965 0
3420 1.19891 0
3425 1.2013 0
3430 1.20368 0
3435 1.20605 0
3440 1.2084 0
3445 1.21073 0
3450 1.21305 0
3455 1.21536 0
3460 1.21764 0
3465 1.21991 0
3470 1.22216 0
3475 1.22439 0
3480 1.2266 0
3485 1.2288 0
3490 1.23098 0
3495 1.23314 0
3500 1.23528 0
3505 1.23741 0
3510 1.23953 0
3515 1.24163 0
3520 1.24372 0
3525 1.2458 0
3530 1.24786 0
3535 1.24992 0
3540 1.25195 0
3545 1.25397 0
3550 1.25598 0
3555 1.25797 0
3560 1.25993 0
3565 1.26188 0
3570 1.2638 0
3575 1.26569 0
3580 1.26754 0
3585 1.26935 0
3590 1.27111 0
3595 1.2728 0
3600 1.27462 0
3605 1.27651 0
3610 1.27837 0
3615 1.2802 0
3620 1.28205 0
3625 1.28391 0
3630 1.2857 0
3635 1.28755 0
3640 1.28935 0
3645 1.29116 0
3650 1.29297 0
3655 1.29473 0
3660 1.29649 0
3665 1.29824 0
3670 1.29999 0
3675 1.30172 0
3680 1.30337 0
3685 1.30507 0
3690 1.30669 0
3695 1.30829 0
3700 1.30986 0
3705 1.31141 0
3710 1.31294 0
3715 1.31446 0
3720 1.31596 0
3725 1.31745 0
3730 1.31892 0
3735 1.32039 0
3740 1.32184 0
3745 1.32329 0
3750 1.32472 0
3755 1.32614 0
3760 1.32756 0
3765 1.32895 0
3770 1.33033 0
3775 1.33168 0
3780 1.33302 0
3785 1.33433 0
3790 1.33563 0
3795 1.33691 0
3800 1.33816 0
3805 1.3394 0
3810 1.34061 0
3815 1.3418 0
3820 1.34296 0
3825 1.34409 0
3830 1.34517 0
3835 1.34622 0
3840 1.34721 0
3845 1.34829 0
3850 1.34944 0
3855 1.35058 0
3860 1.35172 0
3865 1.35285 0
3870 1.35397 0
3875 1.35509 0
3880 1.35618 0
3885 1.35733 0
3890 1.35844 0
3895 1.3595 0
3900 1.36062 0
3905 1.36169 0
3910 1.36276 0
3915 1.36383 0
3920 1.36489 0
3925 1.36595 0
3930 1.36694 0
3935 1.36797 0
3940 1.36894 0
3945 1.36988 0
3950 1.37081 0
3955 1.37173 0
3960 1.37263 0
3965 1.37351 0
3970 1.37439 0
3975 1.37525 0
3980 1.37611 0
3985 1.37696 0
3990 1.3778 0
3995 1.37863 0
4000 1.37946 0
4005 1.38028 0
4010 1.3811 0
4015 1.38191 0
4020 1.3827 0
4025 1.38348 0
4030 1.38423 0
4035 1.38497 0
4040 1.38569 0
4045 1.38639 0
4050 1.38708 0
4055 1.38774 0
4060 1.3884 0
4065 1.38904 0
4070 1.38966 0
4075 1.39027 0
4080 1.39087 0
4085 1.39146 0
4090 1.39204 0
4095 1.3926 0
4100 1.39316 0
4105 1.3937 0
4110 1.39424 0
4115 1.39477 0
4120 1.39529 0
4125 1.3958 0
4130 1.39631 0
4135 1.39681 0
4140 1.3973 0
4145 1.39779 0
4150 1.39826 0
4155 1.39872 0
4160 1.39915 0
4165 1.39958 0
4170 1.39998 0
4175 1.40038 0
4180 1.40076 0
4185 1.40112 0
4190 1.40147 0
4195 1.40181 0
4200 1.40213 0
4205 1.40245 0
4210 1.40274 0
4215 1.40303 0
4220 1.40329 0
4225 1.40354 0
4230 1.40377 0
4235 1.40397 0
4240 1.40415 0
4245 1.40429 0
4250 1.40439 0
4255 1.40448 0
4260 1.40473 0
4265 1.40499 0
4270 1.40524 0
4275 1.40548 0
4280 1.40574 0
4285 1.40597 0
4290 1.40615 0
4295 1.40639 0
4300 1.40658 0
4305 1.40678 0
4310 1.40692 0
4315 1.40713 0
4320 1.40727 0
4325 1.40742 0
4330 1.40757 0
4335 1.40771 0
4340 1.40785 0
4345 1.40798 0
4350 1.40804 0
4355 1.40809 0
4360 1.4082 0
4365 1.40822 0
4370 1.40824 0
4375 1.40825 0
4380 1.40824 0
4385 1.40823 0
4390 1.4082 0
4395 1.40817 0
4400 1.40814 0
4405 1.4081 0
4410 1.40804 0
4415 1.40797 0
4420 1.40789 0
4425 1.4078 0
4430 1.40769 0
4435 1.40758 0
4440 1.40746 0
4445 1.40732 0
4450 1.40718 0
4455 1.40703 0
4460 1.40688 0
4465 1.40671 0
4470 1.40654 0
4475 1.40636 0
4480 1.40618 0
4485 1.40599 0
4490 1.4058 0
4495 1.4056 0
4500 1.40539 0
4505 1.40519 0
4510 1.40497 0
4515 1.40476 0
4520 1.40454 0
4525 1.40432 0
4530 1.4041 0
4535 1.40386 0
4540 1.40362 0
4545 1.40336 0
4550 1.40309 0
4555 1.40281 0
4560 1.40251 0
4565 1.40221 0
4570 1.40189 0
4575 1.40157 0
4580 1.40124 0
4585 1.40089 0
4590 1.40054 0
4595 1.40019 0
4600 1.39982 0
4605 1.39945 0
4610 1.39908 0
4615 1.3987 0
4620 1.39831 0
4625 1.39792 0
4630 1.39753 0
4635 1.39713 0
4640 1.39673 0
4645 1.39633 0
4650 1.39592 0
4655 1.39552 0
4660 1.39511 0
4665 1.39469 0
4670 1.39426 0
4675 1.39381 0
4680 1.39336 0
4685 1.3929 0
4690 1.39242 0
4695 1.39194 0
4700 1.39145 0
4705 1.39095 0
4710 1.39044 0
4715 1.38992 0
4720 1.3894 0
4725 1.38887 0
4730 1.38834 0
4735 1.3878 0
4740 1.38726 0
4745 1.38671 0
4750 1.38616 0
4755 1.3856 0
4760 1.38504 0
4765 1.38448 0
4770 1.38392 0
4775 1.38335 0
4780 1.38278 0
4785 1.38221 0
4790 1.38164 0
4795 1.38106 0
4800 1.38047 0
4805 1.37987 0
4810 1.37925 0
4815 1.37863 0
4820 1.378 0
4825 1.37736 0
4830 1.37671 0
4835 1.37606 0
4840 1.37539 0
4845 1.37472 0
4850 1.37404 0
4855 1.37335 0
4860 1.37265 0
4865 1.37194 0
4870 1.37121 0
4875 1.37048 0
4880 1.36973 0
4885 1.36897 0
4890 1.36821 0
4895 1.36752 0
4900 1.36682 0
4905 1.36613 0
4910 1.36542 0
4915 1.36474 0
4920 1.36405 0
4925 1.36333 0
4930 1.36261 0
4935 1.36189 0
4940 1.36117 0
4945 1.36045 0
4950 1.35973 0
4955 1.35898 0
4960 1.35822 0
4965 1.35747 0
4970 1.35671 0
4975 1.35595 0
4980 1.35519 0
4985 1.35443 0
4990 1.35363 0
4995 1.35287 0
5000 1.35206 0
5005 1.35126 0
5010 1.35048 0
5015 1.34966 0
5020 1.34885 0
5025 1.34802 0
5030 1.3472 0
5035 1.34637 0
5040 1.34554 0
5045 1.34471 0
5050 1.34387 0
5055 1.34303 0
5060 1.34217 0
5065 1.34131 0
5070 1.34044 0
5075 1.33956 0
5080 1.33868 0
5085 1.33779 0
5090 1.3369 0
5095 1.336 0
5100 1.3351 0
5105 1.33419 0
5110 1.33327 0
5115 1.33235 0
5120 1.33143 0
5125 1.33049 0
5130 1.32955 0
5135 1.3286 0
5140 1.32763 0
5145 1.32665 0
5150 1.32565 0
5155 1.32462 0
5160 1.32356 0
5165 1.32247 0
5170 1.32133 0
5175 1.32013 0
5180 1.31885 0
5185 1.3175 0
5190 1.31615 0
5195 1.31512 0
5200 1.31419 0
5205 1.31335 0
5210 1.31243 0
5215 1.31149 0
5220 1.31061 0
5225 1.30975 0
5230 1.30885 0
5235 1.30792 0
5240 1.30707 0
5245 1.30625 0
5250 1.30543 0
5255 1.30453 0
5260 1.30377 0
5265 1.30287 0
5270 1.30198 0
5275 1.3011 0
5280 1.30022 0
5285 1.29913 0
5290 1.29823 0
5295 1.29744 0
5300 1.29656 0
5305 1.2958 0
5310 1.29491 0
5315 1.29413 0
5320 1.29317 0
5325 1.29222 0
5330 1.29122 0
5335 1.29021 0
5340 1.28919 0
5345 1.28818 0
5350 1.28716 0
5355 1.28608 0
5360 1.285 0
5365 1.28399 0
5370 1.28292 0
5375 1.28186 0
5380 1.28074 0
5385 1.27969 0
5390 1.27865 0
5395 1.27761 0
5400 1.27651 0
5405 1.27549 0
5410 1.2744 0
5415 1.27331 0
5420 1.27229 0
5425 1.27121 0
5430 1.27013 0
5435 1.26904 0
5440 1.26795 0
5445 1.26685 0
5450 1.26574 0
5455 1.26463 0
5460 1.26352 0
5465 1.26239 0
5470 1.26127 0
5475 1.26014 0
5480 1.25902 0
5485 1.25789 0
5490 1.25676 0
5495 1.25563 0
5500 1.2545 0
5505 1.25337 0
5510 1.25224 0
5515 1.25111 0
5520 1.24998 0
5525 1.24885 0
5530 1.24772 0
5535 1.2466 0
5540 1.24547 0
5545 1.24435 0
5550 1.24323 0
5555 1.24211 0
5560 1.24099 0
5565 1.23987 0
5570 1.23874 0
5575 1.2376 0
5580 1.23646 0
5585 1.23531 0
5590 1.23416 0
5595 1.233 0
5600 1.23183 0
5605 1.23066 0
5610 1.22949 0
5615 1.22832 0
5620 1.22714 0
5625 1.22595 0
5630 1.22477 0
5635 1.22358 0
5640 1.22239 0
5645 1.2212 0
5650 1.22 0
5655 1.21881 0
5660 1.21762 0
5665 1.21642 0
5670 1.21522 0
5675 1.21403 0
5680 1.21283 0
5685 1.21164 0
5690 1.21045 0
5695 1.20925 0
5700 1.20806 0
5705 1.20687 0
5710 1.20568 0
5715 1.2045 0
5720 1.20331 0
5725 1.20213 0
5730 1.20096 0
5735 1.19978 0
5740 1.19861 0
5745 1.19743 0
5750 1.19626 0
5755 1.1951 0
5760 1.19393 0
5765 1.19277 0
5770 1.19161 0
5775 1.19045 0
5780 1.18929 0
5785 1.18814 0
5790 1.18699 0
5795 1.18584 0
5800 1.18469 0
5805 1.18354 0
5810 1.1824 0
5815 1.18125 0
5820 1.18011 0
5825 1.17896 0
5830 1.17779 0
5835 1.17662 0
5840 1.17544 0
5845 1.17425 0
5850 1.17305 0
5855 1.17184 0
5860 1.17062 0
5865 1.16939 0
5870 1.16815 0
5875 1.16689 0
5880 1.16562 0
5885 1.16433 0
5890 1.16305 0
5895 1.1618 0
5900 1.16055 0
5905 1.15929 0
5910 1.15802 0
5915 1.15673 0
5920 1.15542 0
5925 1.15408 0
5930 1.15272 0
5935 1.15133 0
5940 1.14989 0
5945 1.1484 0
5950 1.14682 0
5955 1.14519 0
5960 1.14343 0
5965 1.14154 0
5970 1.1395 0
5975 1.13727 0
5980 1.13484 0
5985 1.13216 0
5990 1.12921 0
5995 1.12612 0
6000 1.12462 0
6005 1.12381 0
6010 1.12301 0
6015 1.12173 0
6020 1.12126 0
6025 1.11991 0
6030 1.11941 0
6035 1.11845 0
6040 1.11765 0
6045 1.11704 0
6050 1.11659 0
6055 1.11549 0
6060 1.11536 0
6065 1.11452 0
6070 1.1138 0
6075 1.11409 0
6080 1.11359 0
6085 1.11319 0
6090 1.11193 0
6095 1.11167 0
6100 1.11148 0
6105 1.1114 0
6110 1.1104 0
6115 1.11037 0
6120 1.1094 0
6125 1.10942 0
6130 1.10842 0
6135 1.10743 0
6140 1.10738 0
6145 1.1063 0
6150 1.10519 0
6155 1.104 0
6160 1.10279 0
6165 1.10151 0
6170 1.10018 0
6175 1.09883 0
6180 1.09742 0
6185 1.09597 0
6190 1.0945 0
6195 1.09302 0
6200 1.0915 0
6205 1.09 0
6210 1.08851 0
6215 1.087 0
6220 1.08551 0
6225 1.08399 0
6230 1.08251 0
6235 1.08101 0
6240 1.07951 0
6245 1.07803 0
6250 1.07653 0
6255 1.07501 0
6260 1.07347 0
6265 1.07191 0
6270 1.07031 0
6275 1.06868 0
6280 1.06702 0
6285 1.06537 0
6290 1.06415 0
6295 1.06296 0
6300 1.06174 0
6305 1.06061 0
6310 1.05944 0
6315 1.0582 0
6320 1.05714 0
6325 1.05599 0
6330 1.05488 0
6335 1.05381 0
6340 1.0526 0
6345 1.05159 0
6350 1.05044 0
6355 1.04949 0
6360 1.04838 0
6365 1.04729 0
6370 1.04622 0
6375 1.04518 0
6380 1.04415 0
6385 1.04314 0
6390 1.04193 0
6395 1.04094 0
6400 1.03997 0
6405 1.03879 0
6410 1.03783 0
6415 1.03666 0
6420 1.0357 0
6425 1.03452 0
6430 1.03335 0
6435 1.03238 0
6440 1.03118 0
6445 1.02998 0
6450 1.02877 0
6455 1.02755 0
6460 1.02631 0
6465 1.02507 0
6470 1.02382 0
6475 1.02255 0
6480 1.02128 0
6485 1.01999 0
6490 1.0187 0
6495 1.0174 0
6500 1.0161 0
6505 1.01479 0
6510 1.01347 0
6515 1.01213 0
6520 1.01079 0
6525 1.00943 0
6530 1.00805 0
6535 1.00665 0
6540 1.00522 0
6545 1.00379 0
6550 1.00247 0
6555 1.00127 0
6560 1.00009 0
6565 0.998928 0
6570 0.997747 0
6575 0.996602 0
6580 0.995492 0
6585 0.994332 0
6590 0.993196 0
6595 0.99208 0
6600 0.990982 0
6605 0.989805 0
6610 0.988739 0
6615 0.987587 0
6620 0.986447 0
6625 0.985427 0
6630 0.984312 0
6635 0.983209 0
6640 0.982115 0
6645 0.981032 0
6650 0.979841 0
6655 0.978774 0
6660 0.977715 0
6665 0.976542 0
6670 0.975494 0
6675 0.97445 0
6680 0.973284 0
6685 0.972122 0
6690 0.971081 0
6695 0.969915 0
6700 0.968747 0
6705 0.967699 0
6710 0.966521 0
6715 0.965338 0
6720 0.964147 0
6725 0.96295 0
6730 0.961744 0
6735 0.960529 0
6740 0.959306 0
6745 0.958073 0
6750 0.956828 0
6755 0.955569 0
6760 0.954299 0
6765 0.953013 0
6770 0.95171 0
6775 0.950387 0
6780 0.949041 0
6785 0.947666 0
6790 0.946257 0
6795 0.944809 0
6800 0.943315 0
6805 0.941773 0
6810 0.940184 0
6815 0.938592 0
6820 0.937466 0
6825 0.93639 0
6830 0.93527 0
6835 0.934117 0
6840 0.933029 0
6845 0.932005 0
6850 0.930879 0
6855 0.929964 0
6860 0.928739 0
6865 0.927723 0
6870 0.926745 0
6875 0.925599 0
6880 0.924682 0
6885 0.923584 0
6890 0.922508 0
6895 0.921674 0
6900 0.92064 0
6905 0.919623 0
6910 0.918618 0
6915 0.91739 0
6920 0.916403 0
6925 0.915419 0
6930 0.914437 0
6935 0.913204 0
6940 0.912206 0
6945 0.910941 0
6950 0.9099 0
6955 0.908581 0
6960 0.907484 0
6965 0.906114 0
6970 0.904972 0
6975 0.903893 0
6980 0.903039 0
6985 0.901984 0
6990 0.90089 0
6995 0.899823 0
7000 0.898679 0
7005 0.897658 0
7010 0.896544 0
7015 0.895317 0
7020 0.894218 0
7025 0.893129 0
7030 0.891913 0
7035 0.890699 0
7040 0.889629 0
7045 0.88842 0
7050 0.887208 0
7055 0.885999 0
7060 0.884788 0
7065 0.883597 0
7070 0.882594 0
7075 0.881471 0
7080 0.8805 0
7085 0.879531 0
7090 0.878436 0
7095 0.877537 0
7100 0.876444 0
7105 0.875535 0
7110 0.874481 0
7115 0.87361 0
7120 0.872509 0
7125 0.871492 0
7130 0.870407 0
7135 0.869572 0
7140 0.868491 0
7145 0.86741 0
7150 0.866327 0
7155 0.865241 0
7160 0.864148 0
7165 0.863047 0
7170 0.861936 0
7175 0.860718 0
7180 0.859575 0
7185 0.858413 0
7190 0.857129 0
7195 0.855915 0
7200 0.854568 0
7205 0.853275 0
7210 0.851841 0
7215 0.850452 0
7220 0.848901 0
7225 0.84729 0
7230 0.845693 0
7235 0.844404 0
7240 0.843149 0
7245 0.841972 0
7250 0.840832 0
7255 0.839763 0
7260 0.838702 0
7265 0.83751 0
7270 0.836428 0
7275 0.835321 0
7280 0.834225 0
7285 0.833204 0
7290 0.832249 0
7295 0.831305 0
7300 0.830289 0
7305 0.829527 0
7310 0.828582 0
7315 0.827637 0
7320 0.826794 0
7325 0.825939 0
7330 0.825125 0
7335 0.824204 0
7340 0.823405 0
7345 0.822704 0
7350 0.821646 0
7355 0.820935 0
7360 0.820252 0
7365 0.819257 0
7370 0.818606 0
7375 0.817696 0
7380 0.816837 0
7385 0.81609 0
7390 0.815226 0
7395 0.814239 0
7400 0.813221 0
7405 0.812351 0
7410 0.811324 0
7415 0.810224 0
7420 0.809061 0
7425 0.807855 0
7430 0.806497 0
7435 0.80514 0
7440 0.803603 0
7445 0.801949 0
7450 0.80016 0
7455 0.798294 0
7460 0.796151 0
7465 0.793785 0
7470 0.791159 0
7475 0.788212 0
7480 0.784903 0
7485 0.781166 0
7490 0.776909 0
7495 0.772072 0
7500 0.766545 0
7505 0.760202 0
7510 0.752971 0
7515 0.744698 0
7520 0.735257 0
7525 0.724576 0
7530 0.71251 0
7535 0.699017 0
7540 0.684113 0
7545 0.66777 0
7550 0.650261 0
7555 0.631808 0
7560 0.612895 0
7565 0.594434 0
7570 0.579758 0
7575 0.582676 0
7580 0.584873 0
7585 0.588148 0
7590 0.590192 0
7595 0.594793 0
7600 0.601926 0
7605 0.604984 0
7610 0.609702 0
7615 0.615957 0
7620 0.623908 0
7625 0.625495 0
7630 0.636194 0
7635 0.640088 0
7640 0.644961 0
7645 0.659404 0
7650 0.666271 0
7655 0.673941 0
7660 0.682392 0
7665 0.691586 0
7670 0.701437 0
7675 0.711832 0
7680 0.712986 0
7685 0.724043 0
7690 0.735498 0
7695 0.737103 0
7700 0.748639 0
7705 0.750283 0
7710 0.761599 0
7715 0.76275 0
7720 0.77356 0
7725 0.773848 0
7730 0.784063 0
7735 0.783363 0
7740 0.782516 0
7745 0.782008 0
7750 0.791132 0
7755 0.78949 0
7760 0.787089 0
7765 0.784161 0
7770 0.780609 0
7775 0.777175 0
7780 0.774248 0
7785 0.771684 0
7790 0.770489 0
7795 0.768943 0
7800 0.767557 0
7805 0.765048 0
7810 0.763098 0
7815 0.760941 0
7820 0.75883 0
7825 0.756081 0
7830 0.752971 0
7835 0.751324 0
7840 0.749073 0
7845 0.745714 0
7850 0.744467 0
7855 0.742444 0
7860 0.740195 0
7865 0.737443 0
7870 0.735857 0
7875 0.733886 0
7880 0.73282 0
7885 0.730915 0
7890 0.729877 0
7895 0.729022 0
7900 0.728559 0
7905 0.726557 0
7910 0.726526 0
7915 0.724444 0
7920 0.724683 0
7925 0.724434 0
7930 0.723604 0
7935 0.722464 0
7940 0.722045 0
7945 0.721335 0
7950 0.721032 0
7955 0.720074 0
7960 0.718685 0
7965 0.718005 0
7970 0.717622 0
7975 0.716092 0
7980 0.714478 0
7985 0.71277 0
7990 0.710961 0
7995 0.709036 0
8000 0.707003 0
8005 0.704875 0
8010 0.703002 0
8015 0.701286 0
8020 0.699798 0
8025 0.698204 0
8030 0.696735 0
8035 0.69513 0
8040 0.693753 0
8045 0.692187 0
8050 0.690695 0
8055 0.689103 0
8060 0.687744 0
8065 0.686279 0
8070 0.685048 0
8075 0.683521 0
8080 0.68202 0
8085 0.680963 0
8090 0.679551 0
8095 0.678167 0
8100 0.676808 0
8105 0.675461 0
8110 0.673915 0
8115 0.672558 0
8120 0.671176 0
8125 0.669534 0
8130 0.667826 0
8135 0.66624 0
8140 0.664514 0
8145 0.662209 0
8150 0.66017 0
8155 0.657417 0
8160 0.654654 0
8165 0.651528 0
8170 0.64806 0
8175 0.644136 0
8180 0.639506 0
8185 0.634554 0
8190 0.628742 0
8195 0.622308 0
8200 0.61538 0
8205 0.607739 0
8210 0.599194 0
8215 0.590053 0
8220 0.580629 0
8225 0.572114 0
8230 0.5723 0
8235 0.572497 0
8240 0.573276 0
8245 0.573331 0
8250 0.574675 0
8255 0.574053 0
8260 0.577634 0
8265 0.578721 0
8270 0.57672 0
8275 0.579117 0
8280 0.582303 0
8285 0.58188 0
8290 0.586409 0
8295 0.587058 0
8300 0.588162 0
8305 0.589723 0
8310 0.59176 0
8315 0.594235 0
8320 0.597107 0
8325 0.600431 0
8330 0.604144 0
8335 0.608205 0
8340 0.612646 0
8345 0.612043 0
8350 0.617023 0
8355 0.622333 0
8360 0.622266 0
8365 0.627962 0
8370 0.628219 0
8375 0.634195 0
8380 0.63459 0
8385 0.640719 0
8390 0.641124 0
8395 0.641581 0
8400 0.647755 0
8405 0.648079 0
8410 0.648305 0
8415 0.648514 0
8420 0.648594 0
8425 0.654252 0
8430 0.654006 0
8435 0.653632 0
8440 0.653093 0
8445 0.652408 0
8450 0.651558 0
8455 0.650554 0
8460 0.649408 0
8465 0.648103 0
8470 0.646655 0
8475 0.645081 0
8480 0.643389 0
8485 0.641566 0
8490 0.639648 0
8495 0.637712 0
8500 0.635704 0
8505 0.633633 0
8510 0.631558 0
8515 0.629517 0
8520 0.627466 0
8525 0.625394 0
8530 0.623319 0
8535 0.621257 0
8540 0.619206 0
8545 0.617198 0
8550 0.615211 0
8555 0.613243 0
8560 0.611308 0
8565 0.60941 0
8570 0.607552 0
8575 0.605714 0
8580 0.603916 0
8585 0.602168 0
8590 0.600663 0
8595 0.59923 0
8600 0.597931 0
8605 0.596621 0
8610 0.595391 0
8615 0.594151 0
8620 0.592976 0
8625 0.591861 0
8630 0.590801 0
8635 0.589796 0
8640 0.588845 0
8645 0.587825 0
8650 0.586845 0
8655 0.586022 0
8660 0.585113 0
8665 0.584235 0
8670 0.583387 0
8675 0.582565 0
8680 0.581769 0
8685 0.580997 0
8690 0.580246 0
8695 0.579517 0
8700 0.578807 0
8705 0.577969 0
8710 0.577291 0
8715 0.576629 0
8720 0.575832 0
8725 0.575193 0
8730 0.574416 0
8735 0.573799 0
8740 0.573038 0
8745 0.572437 0
8750 0.571688 0
8755 0.571097 0
8760 0.570354 0
8765 0.569615 0
8770 0.569033 0
8775 0.568294 0
8780 0.567554 0
8785 0.566814 0
8790 0.56607 0
8795 0.565478 0
8800 0.564725 0
8805 0.563966 0
8810 0.5632 0
8815 0.562426 0
8820 0.561643 0
8825 0.560851 0
8830 0.560048 0
8835 0.559232 0
8840 0.558402 0
8845 0.557556 0
8850 0.556693 0
8855 0.55581 0
8860 0.554902 0
8865 0.553969 0
8870 0.553007 0
8875 0.552009 0
8880 0.550972 0
8885 0.549888 0
8890 0.548752 0
8895 0.54755 0
8900 0.546277 0
8905 0.544916 0
8910 0.543459 0
8915 0.541885 0
8920 0.540179 0
8925 0.538323 0
8930 0.536286 0
8935 0.534055 0
8940 0.531585 0
8945 0.528867 0
8950 0.525838 0
8955 0.522494 0
8960 0.518767 0
8965 0.51464 0
8970 0.510057 0
8975 0.504994 0
8980 0.499412 0
8985 0.493284 0
8990 0.48661 0
8995 0.479385 0
9000 0.471666 0
9005 0.463503 0
9010 0.455107 0
9015 0.446991 0
9020 0.44374 0
9025 0.444126 0
9030 0.444359 0
9035 0.44419 0
9040 0.445192 0
9045 0.447426 0
9050 0.447716 0
9055 0.448682 0
9060 0.450365 0
9065 0.45274 0
9070 0.451979 0
9075 0.455533 0
9080 0.455689 0
9085 0.460446 0
9090 0.461478 0
9095 0.462921 0
9100 0.464751 0
9105 0.466964 0
9110 0.469584 0
9115 0.472574 0
9120 0.475889 0
9125 0.479554 0
9130 0.483584 0
9135 0.482862 0
9140 0.487366 0
9145 0.49217 0
9150 0.492065 0
9155 0.49728 0
9160 0.502778 0
9165 0.502997 0
9170 0.508768 0
9175 0.509198 0
9180 0.515191 0
9185 0.515709 0
9190 0.516288 0
9195 0.522323 0
9200 0.522807 0
9205 0.523346 0
9210 0.529357 0
9215 0.529701 0
9220 0.529959 0
9225 0.53018 0
9230 0.530303 0
9235 0.535842 0
9240 0.535735 0
9245 0.535546 0
9250 0.535232 0
9255 0.534786 0
9260 0.534225 0
9265 0.53352 0
9270 0.532697 0
9275 0.531757 0
9280 0.530704 0
9285 0.52954 0
9290 0.528239 0
9295 0.526878 0
9300 0.525379 0
9305 0.523794 0
9310 0.522208 0
9315 0.52055 0
9320 0.518841 0
9325 0.517083 0
9330 0.51533 0
9335 0.513611 0
9340 0.51189 0
9345 0.510157 0
9350 0.508359 0
9355 0.50664 0
9360 0.504932 0
9365 0.503205 0
9370 0.501566 0
9375 0.499952 0
9380 0.498313 0
9385 0.49677 0
9390 0.495219 0
9395 0.493774 0
9400 0.492311 0
9405 0.490949 0
9410 0.489572 0
9415 0.488254 0
9420 0.487034 0
9425 0.485798 0
9430 0.484603 0
9435 0.483516 0
9440 0.482408 0
9445 0.481335 0
9450 0.4803 0
9455 0.479302 0
9460 0.478387 0
9465 0.477445 0
9470 0.476534 0
9475 0.475646 0
9480 0.474778 0
9485 0.473932 0
9490 0.473104 0
9495 0.472291 0
9500 0.471492 0
9505 0.470704 0
9510 0.469927 0
9515 0.469157 0
9520 0.468394 0
9525 0.467634 0
9530 0.466876 0
9535 0.466119 0
9540 0.465361 0
9545 0.464601 0
9550 0.463836 0
9555 0.463066 0
9560 0.462293 0
9565 0.461523 0
9570 0.460866 0
9575 0.460227 0
9580 0.459601 0
9585 0.458967 0
9590 0.458351 0
9595 0.457705 0
9600 0.457068 0
9605 0.456441 0
9610 0.455821 0
9615 0.455147 0
9620 0.454539 0
9625 0.453872 0
9630 0.453279 0
9635 0.452661 0
9640 0.452088 0
9645 0.451523 0
9650 0.450984 0
9655 0.450419 0
9660 0.449894 0
9665 0.449359 0
9670 0.448836 0
9675 0.448327 0
9680 0.44783 0
9685 0.447309 0
9690 0.446749 0
9695 0.446245 0
9700 0.445749 0
9705 0.445217 0
9710 0.444738 0
9715 0.444178 0
9720 0.443714 0
9725 0.443167 0
9730 0.442717 0
9735 0.442183 0
9740 0.441745 0
9745 0.441172 0
9750 0.440652 0
9755 0.440228 0
9760 0.439716 0
9765 0.439158 0
9770 0.438746 0
9775 0.438192 0
9780 0.437691 0
9785 0.437193 0
9790 0.436644 0
9795 0.436242 0
9800 0.435694 0
9805 0.435145 0
9810 0.434651 0
9815 0.434102 0
9820 0.433606 0
9825 0.433056 0
9830 0.432504 0
9835 0.431952 0
9840 0.431454 0
9845 0.430899 0
9850 0.430343 0
9855 0.429786 0
9860 0.429227 0
9865 0.428722 0
9870 0.428161 0
9875 0.427598 0
9880 0.427035 0
9885 0.426471 0
9890 0.425907 0
9895 0.425341 0
9900 0.424777 0
9905 0.424212 0
9910 0.423647 0
9915 0.423082 0
9920 0.422516 0
9925 0.421952 0
9930 0.421387 0
9935 0.420823 0
9940 0.42026 0
9945 0.419698 0
9950 0.419137 0
9955 0.418578 0
9960 0.418019 0
9965 0.417462 0
9970 0.416907 0
9975 0.416353 0
9980 0.415801 0
9985 0.415251 0
9990 0.414702 0
9995 0.414154 0
10000 0.413608 0

