# From Assaf Horesh  [x1 y1 x2 y2 x3 y3]

15   1.0000000e-01   4.7692847e-06   1.0000000e-01   1.8307317e-06   1.0000000e-01   1.0604731e-07
   2.0000000e-01   2.6979149e-05   2.0000000e-01   1.0356182e-05   2.0000000e-01   5.9989415e-07
   3.0000000e-01   7.4345791e-05   3.0000000e-01   2.8538282e-05   3.0000000e-01   1.6531139e-06
   4.0000000e-01   1.5261711e-04   4.0000000e-01   5.8583414e-05   4.0000000e-01   3.3935138e-06
   5.0000000e-01   2.6661112e-04   5.0000000e-01   1.0234101e-04   5.0000000e-01   5.9282246e-06
   6.0000000e-01   4.2056330e-04   6.0000000e-01   1.6143690e-04   6.0000000e-01   9.3514244e-06
   7.0000000e-01   6.1829872e-04   7.0000000e-01   2.3733938e-04   7.0000000e-01   1.3748165e-05
   8.0000000e-01   8.6333275e-04   8.0000000e-01   3.3139783e-04   8.0000000e-01   1.9196613e-05
   9.0000000e-01   1.1589362e-03   9.0000000e-01   4.4486780e-04   9.0000000e-01   2.5769495e-05
   1.0000000e+00   1.5081803e-03   1.0000000e+00   5.7892819e-04   1.0000000e+00   3.3535103e-05
   1.1000000e+00   1.9139693e-03   1.1000000e+00   7.3469386e-04   1.1000000e+00   4.2558014e-05
   1.2000000e+00   2.3790653e-03   1.2000000e+00   9.1322504e-04   1.2000000e+00   5.2899645e-05
   1.3000000e+00   2.9061072e-03   1.3000000e+00   1.1155347e-03   1.3000000e+00   6.4618671e-05
   1.4000000e+00   3.4976258e-03   1.4000000e+00   1.3425943e-03   1.4000000e+00   7.7771367e-05
   1.5000000e+00   4.1560561e-03   1.5000000e+00   1.5953385e-03   1.5000000e+00   9.2411876e-05
   1.6000000e+00   4.8837475e-03   1.6000000e+00   1.8746692e-03   1.6000000e+00   1.0859244e-04
   1.7000000e+00   5.6829725e-03   1.7000000e+00   2.1814587e-03   1.7000000e+00   1.2636359e-04
   1.8000000e+00   6.5559331e-03   1.8000000e+00   2.5165523e-03   1.8000000e+00   1.4577428e-04
   1.9000000e+00   7.5047677e-03   1.9000000e+00   2.8807707e-03   1.9000000e+00   1.6687207e-04
   2.0000000e+00   8.5315559e-03   2.0000000e+00   3.2749124e-03   2.0000000e+00   1.8970319e-04
   2.1000000e+00   9.6383232e-03   2.1000000e+00   3.6997547e-03   2.1000000e+00   2.1431269e-04
   2.2000000e+00   1.0827045e-02   2.2000000e+00   4.1560561e-03   2.2000000e+00   2.4074448e-04
   2.3000000e+00   1.2099651e-02   2.3000000e+00   4.6445569e-03   2.3000000e+00   2.6904147e-04
   2.4000000e+00   1.3458026e-02   2.4000000e+00   5.1659809e-03   2.4000000e+00   2.9924558e-04
   2.5000000e+00   1.4904015e-02   2.5000000e+00   5.7210365e-03   2.5000000e+00   3.3139783e-04
   2.6000000e+00   1.6439425e-02   2.6000000e+00   6.3104171e-03   2.6000000e+00   3.6553840e-04
   2.7000000e+00   1.8066027e-02   2.7000000e+00   6.9348026e-03   2.7000000e+00   4.0170668e-04
   2.8000000e+00   1.9785559e-02   2.8000000e+00   7.5948600e-03   2.8000000e+00   4.3994129e-04
   2.9000000e+00   2.1599726e-02   2.9000000e+00   8.2912439e-03   2.9000000e+00   4.8028015e-04
   3.0000000e+00   2.3510203e-02   3.0000000e+00   9.0245973e-03   3.0000000e+00   5.2276052e-04
   3.1000000e+00   2.5518638e-02   3.1000000e+00   9.7955523e-03   3.1000000e+00   5.6741900e-04
   3.2000000e+00   2.7626648e-02   3.2000000e+00   1.0604731e-02   3.2000000e+00   6.1429161e-04
   3.3000000e+00   2.9835828e-02   3.3000000e+00   1.1452744e-02   3.3000000e+00   6.6341378e-04
   3.4000000e+00   3.2147747e-02   3.4000000e+00   1.2340194e-02   3.4000000e+00   7.1482039e-04
   3.5000000e+00   3.4563949e-02   3.5000000e+00   1.3267674e-02   3.5000000e+00   7.6854580e-04
   3.6000000e+00   3.7085958e-02   3.6000000e+00   1.4235769e-02   3.6000000e+00   8.2462385e-04
   3.7000000e+00   3.9715272e-02   3.7000000e+00   1.5245055e-02   3.7000000e+00   8.8308793e-04
   3.8000000e+00   4.2453370e-02   3.8000000e+00   1.6296100e-02   3.8000000e+00   9.4397096e-04
   3.9000000e+00   4.5301699e-02   3.9000000e+00   1.7389465e-02   3.9000000e+00   1.0073054e-03
   4.0000000e+00   4.8261666e-02   4.0000000e+00   1.8525702e-02   4.0000000e+00   1.0731233e-03
   4.1000000e+00   5.1334600e-02   4.1000000e+00   1.9705358e-02   4.1000000e+00   1.1414563e-03
   4.2000000e+00   5.4521692e-02   4.2000000e+00   2.0928973e-02   4.2000000e+00   1.2123356e-03
   4.3000000e+00   5.7823890e-02   4.3000000e+00   2.2197079e-02   4.3000000e+00   1.2857922e-03
   4.4000000e+00   6.1241740e-02   4.4000000e+00   2.3510203e-02   4.4000000e+00   1.3618565e-03
   4.5000000e+00   6.4775171e-02   4.5000000e+00   2.4868866e-02   4.5000000e+00   1.4405586e-03
   4.6000000e+00   6.8423246e-02   4.6000000e+00   2.6273581e-02   4.6000000e+00   1.5219284e-03
   4.7000000e+00   7.2183873e-02   4.7000000e+00   2.7724859e-02   4.7000000e+00   1.6059954e-03
   4.8000000e+00   7.6053529e-02   4.8000000e+00   2.9223201e-02   4.8000000e+00   1.6927886e-03
   4.9000000e+00   8.0027022e-02   4.9000000e+00   3.0769107e-02   4.9000000e+00   1.7823371e-03
   5.0000000e+00   8.4097309e-02   5.0000000e+00   3.2363069e-02   5.0000000e+00   1.8746692e-03
   5.1000000e+00   8.8255409e-02   5.1000000e+00   3.4005576e-02   5.1000000e+00   1.9698134e-03
   5.2000000e+00   9.2490418e-02   5.2000000e+00   3.5697110e-02   5.2000000e+00   2.0677975e-03
   5.3000000e+00   9.6789618e-02   5.3000000e+00   3.7438149e-02   5.3000000e+00   2.1686492e-03
   5.4000000e+00   1.0113869e-01   5.4000000e+00   3.9229167e-02   5.4000000e+00   2.2723961e-03
   5.5000000e+00   1.0552198e-01   5.5000000e+00   4.1070632e-02   5.5000000e+00   2.3790653e-03
   5.6000000e+00   1.0992287e-01   5.6000000e+00   4.2963007e-02   5.6000000e+00   2.4886837e-03
   5.7000000e+00   1.1432410e-01   5.7000000e+00   4.4906748e-02   5.7000000e+00   2.6012781e-03
   5.8000000e+00   1.1870819e-01   5.8000000e+00   4.6902300e-02   5.8000000e+00   2.7168748e-03
   5.9000000e+00   1.2305778e-01   5.9000000e+00   4.8950095e-02   5.9000000e+00   2.8355001e-03
   6.0000000e+00   1.2735594e-01   6.0000000e+00   5.1050541e-02   6.0000000e+00   2.9571800e-03
   6.1000000e+00   1.3158652e-01   6.1000000e+00   5.3204015e-02   6.1000000e+00   3.0819403e-03
   6.2000000e+00   1.3573436e-01   6.2000000e+00   5.5410844e-02   6.2000000e+00   3.2098066e-03
   6.3000000e+00   1.3978549e-01   6.3000000e+00   5.7671284e-02   6.3000000e+00   3.3408041e-03
   6.4000000e+00   1.4372727e-01   6.4000000e+00   5.9985493e-02   6.4000000e+00   3.4749581e-03
   6.5000000e+00   1.4754851e-01   6.5000000e+00   6.2353501e-02   6.5000000e+00   3.6122935e-03
   6.6000000e+00   1.5123949e-01   6.6000000e+00   6.4775171e-02   6.6000000e+00   3.7528351e-03
   6.7000000e+00   1.5479200e-01   6.7000000e+00   6.7250161e-02   6.7000000e+00   3.8966074e-03
   6.8000000e+00   1.5819927e-01   6.8000000e+00   6.9777876e-02   6.8000000e+00   4.0436348e-03
   6.9000000e+00   1.6145600e-01   6.9000000e+00   7.2357433e-02   6.9000000e+00   4.1939415e-03
   7.0000000e+00   1.6455819e-01   7.0000000e+00   7.4987619e-02   7.0000000e+00   4.3475516e-03
   7.1000000e+00   1.6750315e-01   7.1000000e+00   7.7666855e-02   7.1000000e+00   4.5044888e-03
   7.2000000e+00   1.7028933e-01   7.2000000e+00   8.0393169e-02   7.2000000e+00   4.6647769e-03
   7.3000000e+00   1.7291626e-01   7.3000000e+00   8.3164179e-02   7.3000000e+00   4.8284395e-03
   7.4000000e+00   1.7538440e-01   7.4000000e+00   8.5977080e-02   7.4000000e+00   4.9954997e-03
   7.5000000e+00   1.7769509e-01   7.5000000e+00   8.8828647e-02   7.5000000e+00   5.1659809e-03
   7.6000000e+00   1.7985040e-01   7.6000000e+00   9.1715247e-02   7.6000000e+00   5.3399061e-03
   7.7000000e+00   1.8185305e-01   7.7000000e+00   9.4632855e-02   7.7000000e+00   5.5172982e-03
   7.8000000e+00   1.8370629e-01   7.8000000e+00   9.7577091e-02   7.8000000e+00   5.6981798e-03
   7.9000000e+00   1.8541385e-01   7.9000000e+00   1.0054326e-01   7.9000000e+00   5.8825736e-03
   8.0000000e+00   1.8697982e-01   8.0000000e+00   1.0352637e-01   8.0000000e+00   6.0705020e-03
   8.1000000e+00   1.8840861e-01   8.1000000e+00   1.0652125e-01   8.1000000e+00   6.2619874e-03
   8.2000000e+00   1.8970484e-01   8.2000000e+00   1.0952251e-01   8.2000000e+00   6.4570518e-03
   8.3000000e+00   1.9087332e-01   8.3000000e+00   1.1252467e-01   8.3000000e+00   6.6557174e-03
   8.4000000e+00   1.9191898e-01   8.4000000e+00   1.1552220e-01   8.4000000e+00   6.8580059e-03
   8.5000000e+00   1.9284681e-01   8.5000000e+00   1.1850953e-01   8.5000000e+00   7.0639392e-03
   8.6000000e+00   1.9366182e-01   8.6000000e+00   1.2148118e-01   8.6000000e+00   7.2735390e-03
   8.7000000e+00   1.9436904e-01   8.7000000e+00   1.2443174e-01   8.7000000e+00   7.4868266e-03
   8.8000000e+00   1.9497343e-01   8.8000000e+00   1.2735594e-01   8.8000000e+00   7.7038234e-03
   8.9000000e+00   1.9547992e-01   8.9000000e+00   1.3024870e-01   8.9000000e+00   7.9245509e-03
   9.0000000e+00   1.9589332e-01   9.0000000e+00   1.3310516e-01   9.0000000e+00   8.1490300e-03
   9.1000000e+00   1.9621836e-01   9.1000000e+00   1.3592070e-01   9.1000000e+00   8.3772817e-03
   9.2000000e+00   1.9645965e-01   9.2000000e+00   1.3869097e-01   9.2000000e+00   8.6093271e-03
   9.3000000e+00   1.9662165e-01   9.3000000e+00   1.4141192e-01   9.3000000e+00   8.8451869e-03
   9.4000000e+00   1.9670869e-01   9.4000000e+00   1.4407979e-01   9.4000000e+00   9.0848817e-03
   9.5000000e+00   1.9672498e-01   9.5000000e+00   1.4669116e-01   9.5000000e+00   9.3284321e-03
   9.6000000e+00   1.9667453e-01   9.6000000e+00   1.4924291e-01   9.6000000e+00   9.5758586e-03
   9.7000000e+00   1.9656125e-01   9.7000000e+00   1.5173225e-01   9.7000000e+00   9.8271815e-03
   9.8000000e+00   1.9638884e-01   9.8000000e+00   1.5415671e-01   9.8000000e+00   1.0082421e-02
   9.9000000e+00   1.9616090e-01   9.9000000e+00   1.5651415e-01   9.9000000e+00   1.0341597e-02
   1.0000000e+01   1.9588083e-01   1.0000000e+01   1.5880274e-01   1.0000000e+01   1.0604731e-02
   1.0100000e+01   1.9555191e-01   1.0100000e+01   1.6102092e-01   1.0100000e+01   1.0871841e-02
   1.0200000e+01   1.9517726e-01   1.0200000e+01   1.6316746e-01   1.0200000e+01   1.1142947e-02
   1.0300000e+01   1.9475983e-01   1.0300000e+01   1.6524138e-01   1.0300000e+01   1.1418070e-02
   1.0400000e+01   1.9430247e-01   1.0400000e+01   1.6724198e-01   1.0400000e+01   1.1697229e-02
   1.0500000e+01   1.9380787e-01   1.0500000e+01   1.6916878e-01   1.0500000e+01   1.1980443e-02
   1.0600000e+01   1.9327857e-01   1.0600000e+01   1.7102156e-01   1.0600000e+01   1.2267733e-02
   1.0700000e+01   1.9271700e-01   1.0700000e+01   1.7280030e-01   1.0700000e+01   1.2559116e-02
   1.0800000e+01   1.9212546e-01   1.0800000e+01   1.7450520e-01   1.0800000e+01   1.2854614e-02
   1.0900000e+01   1.9150614e-01   1.0900000e+01   1.7613662e-01   1.0900000e+01   1.3154244e-02
   1.1000000e+01   1.9086110e-01   1.1000000e+01   1.7769509e-01   1.1000000e+01   1.3458026e-02
   1.1100000e+01   1.9019228e-01   1.1100000e+01   1.7918132e-01   1.1100000e+01   1.3765979e-02
   1.1200000e+01   1.8950154e-01   1.1200000e+01   1.8059614e-01   1.1200000e+01   1.4078121e-02
   1.1300000e+01   1.8879061e-01   1.1300000e+01   1.8194050e-01   1.1300000e+01   1.4394472e-02
   1.1400000e+01   1.8806116e-01   1.1400000e+01   1.8321547e-01   1.1400000e+01   1.4715051e-02
   1.1500000e+01   1.8731473e-01   1.1500000e+01   1.8442222e-01   1.1500000e+01   1.5039876e-02
   1.1600000e+01   1.8655279e-01   1.1600000e+01   1.8556199e-01   1.1600000e+01   1.5368965e-02
   1.1700000e+01   1.8577673e-01   1.1700000e+01   1.8663612e-01   1.1700000e+01   1.5702337e-02
   1.1800000e+01   1.8498784e-01   1.1800000e+01   1.8764600e-01   1.1800000e+01   1.6040011e-02
   1.1900000e+01   1.8418737e-01   1.1900000e+01   1.8859307e-01   1.1900000e+01   1.6382005e-02
   1.2000000e+01   1.8337646e-01   1.2000000e+01   1.8947881e-01   1.2000000e+01   1.6728337e-02
   1.2100000e+01   1.8255621e-01   1.2100000e+01   1.9030475e-01   1.2100000e+01   1.7079025e-02
   1.2200000e+01   1.8172763e-01   1.2200000e+01   1.9107243e-01   1.2200000e+01   1.7434087e-02
   1.2300000e+01   1.8089170e-01   1.2300000e+01   1.9178344e-01   1.2300000e+01   1.7793542e-02
   1.2400000e+01   1.8004931e-01   1.2400000e+01   1.9243936e-01   1.2400000e+01   1.8157408e-02
   1.2500000e+01   1.7920132e-01   1.2500000e+01   1.9304176e-01   1.2500000e+01   1.8525702e-02
   1.2600000e+01   1.7834853e-01   1.2600000e+01   1.9359226e-01   1.2600000e+01   1.8898442e-02
   1.2700000e+01   1.7749168e-01   1.2700000e+01   1.9409243e-01   1.2700000e+01   1.9275646e-02
   1.2800000e+01   1.7663147e-01   1.2800000e+01   1.9454386e-01   1.2800000e+01   1.9657332e-02
   1.2900000e+01   1.7576857e-01   1.2900000e+01   1.9494812e-01   1.2900000e+01   2.0043516e-02
   1.3000000e+01   1.7490360e-01   1.3000000e+01   1.9530676e-01   1.3000000e+01   2.0434218e-02
   1.3100000e+01   1.7403712e-01   1.3100000e+01   1.9562133e-01   1.3100000e+01   2.0829454e-02
   1.3200000e+01   1.7316969e-01   1.3200000e+01   1.9589332e-01   1.3200000e+01   2.1229241e-02
   1.3300000e+01   1.7230180e-01   1.3300000e+01   1.9612424e-01   1.3300000e+01   2.1633597e-02
   1.3400000e+01   1.7143394e-01   1.3400000e+01   1.9631556e-01   1.3400000e+01   2.2042540e-02
   1.3500000e+01   1.7056654e-01   1.3500000e+01   1.9646870e-01   1.3500000e+01   2.2456086e-02
   1.3600000e+01   1.6970001e-01   1.3600000e+01   1.9658508e-01   1.3600000e+01   2.2874253e-02
   1.3700000e+01   1.6883475e-01   1.3700000e+01   1.9666608e-01   1.3700000e+01   2.3297057e-02
   1.3800000e+01   1.6797111e-01   1.3800000e+01   1.9671304e-01   1.3800000e+01   2.3724516e-02
   1.3900000e+01   1.6710942e-01   1.3900000e+01   1.9672728e-01   1.3900000e+01   2.4156646e-02
   1.4000000e+01   1.6625000e-01   1.4000000e+01   1.9671008e-01   1.4000000e+01   2.4593465e-02
   1.4100000e+01   1.6539313e-01   1.4100000e+01   1.9666270e-01   1.4100000e+01   2.5034990e-02
   1.4200000e+01   1.6453908e-01   1.4200000e+01   1.9658635e-01   1.4200000e+01   2.5481237e-02
   1.4300000e+01   1.6368811e-01   1.4300000e+01   1.9648221e-01   1.4300000e+01   2.5932222e-02
   1.4400000e+01   1.6284044e-01   1.4400000e+01   1.9635143e-01   1.4400000e+01   2.6387963e-02
   1.4500000e+01   1.6199629e-01   1.4500000e+01   1.9619513e-01   1.4500000e+01   2.6848476e-02
   1.4600000e+01   1.6115586e-01   1.4600000e+01   1.9601439e-01   1.4600000e+01   2.7313778e-02
   1.4700000e+01   1.6031932e-01   1.4700000e+01   1.9581026e-01   1.4700000e+01   2.7783885e-02
   1.4800000e+01   1.5948685e-01   1.4800000e+01   1.9558375e-01   1.4800000e+01   2.8258814e-02
   1.4900000e+01   1.5865860e-01   1.4900000e+01   1.9533586e-01   1.4900000e+01   2.8738580e-02
   1.5000000e+01   1.5783471e-01   1.5000000e+01   1.9506753e-01   1.5000000e+01   2.9223201e-02
   1.5100000e+01   1.5701531e-01   1.5100000e+01   1.9477969e-01   1.5100000e+01   2.9712693e-02
   1.5200000e+01   1.5620053e-01   1.5200000e+01   1.9447323e-01   1.5200000e+01   3.0207071e-02
   1.5300000e+01   1.5539046e-01   1.5300000e+01   1.9414901e-01   1.5300000e+01   3.0706352e-02
   1.5400000e+01   1.5458520e-01   1.5400000e+01   1.9380787e-01   1.5400000e+01   3.1210552e-02
   1.5500000e+01   1.5378485e-01   1.5500000e+01   1.9345059e-01   1.5500000e+01   3.1719686e-02
   1.5600000e+01   1.5298949e-01   1.5600000e+01   1.9307797e-01   1.5600000e+01   3.2233773e-02
   1.5700000e+01   1.5219918e-01   1.5700000e+01   1.9269074e-01   1.5700000e+01   3.2752826e-02
   1.5800000e+01   1.5141399e-01   1.5800000e+01   1.9228964e-01   1.5800000e+01   3.3276861e-02
   1.5900000e+01   1.5063397e-01   1.5900000e+01   1.9187534e-01   1.5900000e+01   3.3805896e-02
   1.6000000e+01   1.4985919e-01   1.6000000e+01   1.9144853e-01   1.6000000e+01   3.4339945e-02
   1.6100000e+01   1.4908967e-01   1.6100000e+01   1.9100985e-01   1.6100000e+01   3.4879025e-02
   1.6200000e+01   1.4832545e-01   1.6200000e+01   1.9055992e-01   1.6200000e+01   3.5423150e-02
   1.6300000e+01   1.4756658e-01   1.6300000e+01   1.9009934e-01   1.6300000e+01   3.5972337e-02
   1.6400000e+01   1.4681306e-01   1.6400000e+01   1.8962868e-01   1.6400000e+01   3.6526601e-02
   1.6500000e+01   1.4606494e-01   1.6500000e+01   1.8914849e-01   1.6500000e+01   3.7085958e-02
   1.6600000e+01   1.4532221e-01   1.6600000e+01   1.8865932e-01   1.6600000e+01   3.7650423e-02
   1.6700000e+01   1.4458490e-01   1.6700000e+01   1.8816166e-01   1.6700000e+01   3.8220011e-02
   1.6800000e+01   1.4385301e-01   1.6800000e+01   1.8765602e-01   1.6800000e+01   3.8794739e-02
   1.6900000e+01   1.4312655e-01   1.6900000e+01   1.8714287e-01   1.6900000e+01   3.9374621e-02
   1.7000000e+01   1.4240551e-01   1.7000000e+01   1.8662266e-01   1.7000000e+01   3.9959673e-02
   1.7100000e+01   1.4168991e-01   1.7100000e+01   1.8609583e-01   1.7100000e+01   4.0549910e-02
   1.7200000e+01   1.4097972e-01   1.7200000e+01   1.8556280e-01   1.7200000e+01   4.1145346e-02
   1.7300000e+01   1.4027494e-01   1.7300000e+01   1.8502396e-01   1.7300000e+01   4.1745998e-02
   1.7400000e+01   1.3957556e-01   1.7400000e+01   1.8447972e-01   1.7400000e+01   4.2351880e-02
   1.7500000e+01   1.3888157e-01   1.7500000e+01   1.8393043e-01   1.7500000e+01   4.2963007e-02
   1.7600000e+01   1.3819295e-01   1.7600000e+01   1.8337646e-01   1.7600000e+01   4.3579394e-02
   1.7700000e+01   1.3750969e-01   1.7700000e+01   1.8281815e-01   1.7700000e+01   4.4201056e-02
   1.7800000e+01   1.3683175e-01   1.7800000e+01   1.8225582e-01   1.7800000e+01   4.4828006e-02
   1.7900000e+01   1.3615913e-01   1.7900000e+01   1.8168979e-01   1.7900000e+01   4.5460261e-02
   1.8000000e+01   1.3549179e-01   1.8000000e+01   1.8112036e-01   1.8000000e+01   4.6097834e-02
   1.8100000e+01   1.3482971e-01   1.8100000e+01   1.8054782e-01   1.8100000e+01   4.6740739e-02
   1.8200000e+01   1.3417287e-01   1.8200000e+01   1.7997244e-01   1.8200000e+01   4.7388990e-02
   1.8300000e+01   1.3352124e-01   1.8300000e+01   1.7939450e-01   1.8300000e+01   4.8042602e-02
   1.8400000e+01   1.3287478e-01   1.8400000e+01   1.7881424e-01   1.8400000e+01   4.8701587e-02
   1.8500000e+01   1.3223347e-01   1.8500000e+01   1.7823191e-01   1.8500000e+01   4.9365959e-02
   1.8600000e+01   1.3159727e-01   1.8600000e+01   1.7764774e-01   1.8600000e+01   5.0035731e-02
   1.8700000e+01   1.3096616e-01   1.8700000e+01   1.7706195e-01   1.8700000e+01   5.0710916e-02
   1.8800000e+01   1.3034009e-01   1.8800000e+01   1.7647476e-01   1.8800000e+01   5.1391524e-02
   1.8900000e+01   1.2971904e-01   1.8900000e+01   1.7588638e-01   1.8900000e+01   5.2077569e-02
   1.9000000e+01   1.2910296e-01   1.9000000e+01   1.7529699e-01   1.9000000e+01   5.2769062e-02
   1.9100000e+01   1.2849183e-01   1.9100000e+01   1.7470678e-01   1.9100000e+01   5.3466012e-02
   1.9200000e+01   1.2788561e-01   1.9200000e+01   1.7411594e-01   1.9200000e+01   5.4168430e-02
   1.9300000e+01   1.2728426e-01   1.9300000e+01   1.7352463e-01   1.9300000e+01   5.4876324e-02
   1.9400000e+01   1.2668774e-01   1.9400000e+01   1.7293302e-01   1.9400000e+01   5.5589704e-02
   1.9500000e+01   1.2609601e-01   1.9500000e+01   1.7234126e-01   1.9500000e+01   5.6308575e-02
   1.9600000e+01   1.2550904e-01   1.9600000e+01   1.7174949e-01   1.9600000e+01   5.7032945e-02
   1.9700000e+01   1.2492679e-01   1.9700000e+01   1.7115788e-01   1.9700000e+01   5.7762819e-02
   1.9800000e+01   1.2434922e-01   1.9800000e+01   1.7056654e-01   1.9800000e+01   5.8498200e-02
   1.9900000e+01   1.2377629e-01   1.9900000e+01   1.6997561e-01   1.9900000e+01   5.9239091e-02
   2.0000000e+01   1.2320797e-01   2.0000000e+01   1.6938521e-01   2.0000000e+01   5.9985493e-02
   2.0100000e+01   1.2264420e-01   2.0100000e+01   1.6879546e-01   2.0100000e+01   6.0737405e-02
   2.0200000e+01   1.2208496e-01   2.0200000e+01   1.6820647e-01   2.0200000e+01   6.1494825e-02
   2.0300000e+01   1.2153020e-01   2.0300000e+01   1.6761834e-01   2.0300000e+01   6.2257749e-02
   2.0400000e+01   1.2097989e-01   2.0400000e+01   1.6703119e-01   2.0400000e+01   6.3026170e-02
   2.0500000e+01   1.2043398e-01   2.0500000e+01   1.6644510e-01   2.0500000e+01   6.3800081e-02
   2.0600000e+01   1.1989243e-01   2.0600000e+01   1.6586018e-01   2.0600000e+01   6.4579470e-02
   2.0700000e+01   1.1935522e-01   2.0700000e+01   1.6527649e-01   2.0700000e+01   6.5364324e-02
   2.0800000e+01   1.1882229e-01   2.0800000e+01   1.6469414e-01   2.0800000e+01   6.6154628e-02
   2.0900000e+01   1.1829360e-01   2.0900000e+01   1.6411320e-01   2.0900000e+01   6.6950364e-02
   2.1000000e+01   1.1776912e-01   2.1000000e+01   1.6353374e-01   2.1000000e+01   6.7751510e-02
   2.1100000e+01   1.1724881e-01   2.1100000e+01   1.6295583e-01   2.1100000e+01   6.8558041e-02
   2.1200000e+01   1.1673264e-01   2.1200000e+01   1.6237955e-01   2.1200000e+01   6.9369931e-02
   2.1300000e+01   1.1622055e-01   2.1300000e+01   1.6180495e-01   2.1300000e+01   7.0187149e-02
   2.1400000e+01   1.1571251e-01   2.1400000e+01   1.6123210e-01   2.1400000e+01   7.1009660e-02
   2.1500000e+01   1.1520849e-01   2.1500000e+01   1.6066106e-01   2.1500000e+01   7.1837428e-02
   2.1600000e+01   1.1470844e-01   2.1600000e+01   1.6009188e-01   2.1600000e+01   7.2670410e-02
   2.1700000e+01   1.1421233e-01   2.1700000e+01   1.5952460e-01   2.1700000e+01   7.3508562e-02
   2.1800000e+01   1.1372012e-01   2.1800000e+01   1.5895929e-01   2.1800000e+01   7.4351836e-02
   2.1900000e+01   1.1323177e-01   2.1900000e+01   1.5839598e-01   2.1900000e+01   7.5200177e-02
   2.2000000e+01   1.1274725e-01   2.2000000e+01   1.5783471e-01   2.2000000e+01   7.6053529e-02
   2.2100000e+01   1.1226651e-01   2.2100000e+01   1.5727554e-01   2.2100000e+01   7.6911831e-02
   2.2200000e+01   1.1178953e-01   2.2200000e+01   1.5671849e-01   2.2200000e+01   7.7775018e-02
   2.2300000e+01   1.1131625e-01   2.2300000e+01   1.5616360e-01   2.2300000e+01   7.8643020e-02
   2.2400000e+01   1.1084666e-01   2.2400000e+01   1.5561091e-01   2.2400000e+01   7.9515763e-02
   2.2500000e+01   1.1038071e-01   2.2500000e+01   1.5506045e-01   2.2500000e+01   8.0393169e-02
   2.2600000e+01   1.0991836e-01   2.2600000e+01   1.5451224e-01   2.2600000e+01   8.1275155e-02
   2.2700000e+01   1.0945958e-01   2.2700000e+01   1.5396632e-01   2.2700000e+01   8.2161634e-02
   2.2800000e+01   1.0900434e-01   2.2800000e+01   1.5342270e-01   2.2800000e+01   8.3052514e-02
   2.2900000e+01   1.0855259e-01   2.2900000e+01   1.5288142e-01   2.2900000e+01   8.3947699e-02
   2.3000000e+01   1.0810431e-01   2.3000000e+01   1.5234249e-01   2.3000000e+01   8.4847090e-02
   2.3100000e+01   1.0765947e-01   2.3100000e+01   1.5180594e-01   2.3100000e+01   8.5750579e-02
   2.3200000e+01   1.0721801e-01   2.3200000e+01   1.5127178e-01   2.3200000e+01   8.6658060e-02
   2.3300000e+01   1.0677993e-01   2.3300000e+01   1.5074003e-01   2.3300000e+01   8.7569418e-02
   2.3400000e+01   1.0634517e-01   2.3400000e+01   1.5021071e-01   2.3400000e+01   8.8484534e-02
   2.3500000e+01   1.0591371e-01   2.3500000e+01   1.4968383e-01   2.3500000e+01   8.9403288e-02
   2.3600000e+01   1.0548551e-01   2.3600000e+01   1.4915940e-01   2.3600000e+01   9.0325553e-02
   2.3700000e+01   1.0506054e-01   2.3700000e+01   1.4863744e-01   2.3700000e+01   9.1251198e-02
   2.3800000e+01   1.0463878e-01   2.3800000e+01   1.4811795e-01   2.3800000e+01   9.2180090e-02
   2.3900000e+01   1.0422018e-01   2.3900000e+01   1.4760095e-01   2.3900000e+01   9.3112090e-02
   2.4000000e+01   1.0380472e-01   2.4000000e+01   1.4708645e-01   2.4000000e+01   9.4047058e-02
   2.4100000e+01   1.0339236e-01   2.4100000e+01   1.4657444e-01   2.4100000e+01   9.4984847e-02
   2.4200000e+01   1.0298307e-01   2.4200000e+01   1.4606494e-01   2.4200000e+01   9.5925309e-02
   2.4300000e+01   1.0257683e-01   2.4300000e+01   1.4555794e-01   2.4300000e+01   9.6868292e-02
   2.4400000e+01   1.0217360e-01   2.4400000e+01   1.4505347e-01   2.4400000e+01   9.7813642e-02
   2.4500000e+01   1.0177336e-01   2.4500000e+01   1.4455151e-01   2.4500000e+01   9.8761198e-02
   2.4600000e+01   1.0137606e-01   2.4600000e+01   1.4405208e-01   2.4600000e+01   9.9710802e-02
   2.4700000e+01   1.0098170e-01   2.4700000e+01   1.4355516e-01   2.4700000e+01   1.0066229e-01
   2.4800000e+01   1.0059022e-01   2.4800000e+01   1.4306078e-01   2.4800000e+01   1.0161549e-01
   2.4900000e+01   1.0020162e-01   2.4900000e+01   1.4256891e-01   2.4900000e+01   1.0257024e-01
   2.5000000e+01   9.9815846e-02   2.5000000e+01   1.4207956e-01   2.5000000e+01   1.0352637e-01
   2.5100000e+01   9.9432886e-02   2.5100000e+01   1.4159274e-01   2.5100000e+01   1.0448371e-01
   2.5200000e+01   9.9052708e-02   2.5200000e+01   1.4110844e-01   2.5200000e+01   1.0544207e-01
   2.5300000e+01   9.8675284e-02   2.5300000e+01   1.4062665e-01   2.5300000e+01   1.0640129e-01
   2.5400000e+01   9.8300587e-02   2.5400000e+01   1.4014738e-01   2.5400000e+01   1.0736119e-01
   2.5500000e+01   9.7928590e-02   2.5500000e+01   1.3967061e-01   2.5500000e+01   1.0832159e-01
   2.5600000e+01   9.7559267e-02   2.5600000e+01   1.3919636e-01   2.5600000e+01   1.0928230e-01
   2.5700000e+01   9.7192591e-02   2.5700000e+01   1.3872460e-01   2.5700000e+01   1.1024315e-01
   2.5800000e+01   9.6828536e-02   2.5800000e+01   1.3825533e-01   2.5800000e+01   1.1120396e-01
   2.5900000e+01   9.6467076e-02   2.5900000e+01   1.3778856e-01   2.5900000e+01   1.1216455e-01
   2.6000000e+01   9.6108186e-02   2.6000000e+01   1.3732427e-01   2.6000000e+01   1.1312473e-01
   2.6100000e+01   9.5751841e-02   2.6100000e+01   1.3686245e-01   2.6100000e+01   1.1408432e-01
   2.6200000e+01   9.5398016e-02   2.6200000e+01   1.3640310e-01   2.6200000e+01   1.1504313e-01
   2.6300000e+01   9.5046685e-02   2.6300000e+01   1.3594622e-01   2.6300000e+01   1.1600100e-01
   2.6400000e+01   9.4697825e-02   2.6400000e+01   1.3549179e-01   2.6400000e+01   1.1695773e-01
   2.6500000e+01   9.4351412e-02   2.6500000e+01   1.3503981e-01   2.6500000e+01   1.1791315e-01
   2.6600000e+01   9.4007422e-02   2.6600000e+01   1.3459026e-01   2.6600000e+01   1.1886707e-01
   2.6700000e+01   9.3665831e-02   2.6700000e+01   1.3414314e-01   2.6700000e+01   1.1981931e-01
   2.6800000e+01   9.3326616e-02   2.6800000e+01   1.3369844e-01   2.6800000e+01   1.2076971e-01
   2.6900000e+01   9.2989753e-02   2.6900000e+01   1.3325615e-01   2.6900000e+01   1.2171807e-01
   2.7000000e+01   9.2655221e-02   2.7000000e+01   1.3281627e-01   2.7000000e+01   1.2266423e-01
   2.7100000e+01   9.2322997e-02   2.7100000e+01   1.3237877e-01   2.7100000e+01   1.2360802e-01
   2.7200000e+01   9.1993058e-02   2.7200000e+01   1.3194366e-01   2.7200000e+01   1.2454925e-01
   2.7300000e+01   9.1665382e-02   2.7300000e+01   1.3151091e-01   2.7300000e+01   1.2548776e-01
   2.7400000e+01   9.1339948e-02   2.7400000e+01   1.3108053e-01   2.7400000e+01   1.2642338e-01
   2.7500000e+01   9.1016734e-02   2.7500000e+01   1.3065249e-01   2.7500000e+01   1.2735594e-01
   2.7600000e+01   9.0695719e-02   2.7600000e+01   1.3022680e-01   2.7600000e+01   1.2828528e-01
   2.7700000e+01   9.0376881e-02   2.7700000e+01   1.2980343e-01   2.7700000e+01   1.2921124e-01
   2.7800000e+01   9.0060201e-02   2.7800000e+01   1.2938238e-01   2.7800000e+01   1.3013366e-01
   2.7900000e+01   8.9745657e-02   2.7900000e+01   1.2896364e-01   2.7900000e+01   1.3105237e-01
   2.8000000e+01   8.9433229e-02   2.8000000e+01   1.2854719e-01   2.8000000e+01   1.3196724e-01
   2.8100000e+01   8.9122898e-02   2.8100000e+01   1.2813302e-01   2.8100000e+01   1.3287809e-01
   2.8200000e+01   8.8814642e-02   2.8200000e+01   1.2772112e-01   2.8200000e+01   1.3378479e-01
   2.8300000e+01   8.8508443e-02   2.8300000e+01   1.2731149e-01   2.8300000e+01   1.3468719e-01
   2.8400000e+01   8.8204282e-02   2.8400000e+01   1.2690410e-01   2.8400000e+01   1.3558514e-01
   2.8500000e+01   8.7902138e-02   2.8500000e+01   1.2649894e-01   2.8500000e+01   1.3647851e-01
   2.8600000e+01   8.7601993e-02   2.8600000e+01   1.2609601e-01   2.8600000e+01   1.3736715e-01
   2.8700000e+01   8.7303829e-02   2.8700000e+01   1.2569529e-01   2.8700000e+01   1.3825094e-01
   2.8800000e+01   8.7007626e-02   2.8800000e+01   1.2529677e-01   2.8800000e+01   1.3912974e-01
   2.8900000e+01   8.6713367e-02   2.8900000e+01   1.2490044e-01   2.8900000e+01   1.4000342e-01
   2.9000000e+01   8.6421033e-02   2.9000000e+01   1.2450628e-01   2.9000000e+01   1.4087186e-01
   2.9100000e+01   8.6130607e-02   2.9100000e+01   1.2411428e-01   2.9100000e+01   1.4173494e-01
   2.9200000e+01   8.5842070e-02   2.9200000e+01   1.2372444e-01   2.9200000e+01   1.4259253e-01
   2.9300000e+01   8.5555405e-02   2.9300000e+01   1.2333673e-01   2.9300000e+01   1.4344453e-01
   2.9400000e+01   8.5270595e-02   2.9400000e+01   1.2295115e-01   2.9400000e+01   1.4429082e-01
   2.9500000e+01   8.4987623e-02   2.9500000e+01   1.2256768e-01   2.9500000e+01   1.4513130e-01
   2.9600000e+01   8.4706471e-02   2.9600000e+01   1.2218631e-01   2.9600000e+01   1.4596586e-01
   2.9700000e+01   8.4427124e-02   2.9700000e+01   1.2180702e-01   2.9700000e+01   1.4679439e-01
   2.9800000e+01   8.4149564e-02   2.9800000e+01   1.2142982e-01   2.9800000e+01   1.4761681e-01
   2.9900000e+01   8.3873776e-02   2.9900000e+01   1.2105467e-01   2.9900000e+01   1.4843301e-01
   3.0000000e+01   8.3599742e-02   3.0000000e+01   1.2068158e-01   3.0000000e+01   1.4924291e-01
   3.0100000e+01   8.3327447e-02   3.0100000e+01   1.2031052e-01   3.0100000e+01   1.5004641e-01
   3.0200000e+01   8.3056876e-02   3.0200000e+01   1.1994149e-01   3.0200000e+01   1.5084343e-01
   3.0300000e+01   8.2788012e-02   3.0300000e+01   1.1957447e-01   3.0300000e+01   1.5163390e-01
   3.0400000e+01   8.2520840e-02   3.0400000e+01   1.1920945e-01   3.0400000e+01   1.5241773e-01
   3.0500000e+01   8.2255346e-02   3.0500000e+01   1.1884642e-01   3.0500000e+01   1.5319485e-01
   3.0600000e+01   8.1991512e-02   3.0600000e+01   1.1848536e-01   3.0600000e+01   1.5396519e-01
   3.0700000e+01   8.1729326e-02   3.0700000e+01   1.1812627e-01   3.0700000e+01   1.5472868e-01
   3.0800000e+01   8.1468772e-02   3.0800000e+01   1.1776912e-01   3.0800000e+01   1.5548526e-01
   3.0900000e+01   8.1209835e-02   3.0900000e+01   1.1741392e-01   3.0900000e+01   1.5623486e-01
   3.1000000e+01   8.0952501e-02   3.1000000e+01   1.1706064e-01   3.1000000e+01   1.5697743e-01
   3.1100000e+01   8.0696755e-02   3.1100000e+01   1.1670927e-01   3.1100000e+01   1.5771292e-01
   3.1200000e+01   8.0442584e-02   3.1200000e+01   1.1635980e-01   3.1200000e+01   1.5844126e-01
   3.1300000e+01   8.0189974e-02   3.1300000e+01   1.1601223e-01   3.1300000e+01   1.5916241e-01
   3.1400000e+01   7.9938911e-02   3.1400000e+01   1.1566653e-01   3.1400000e+01   1.5987634e-01
   3.1500000e+01   7.9689380e-02   3.1500000e+01   1.1532269e-01   3.1500000e+01   1.6058298e-01
   3.1600000e+01   7.9441370e-02   3.1600000e+01   1.1498071e-01   3.1600000e+01   1.6128231e-01
   3.1700000e+01   7.9194865e-02   3.1700000e+01   1.1464056e-01   3.1700000e+01   1.6197429e-01
   3.1800000e+01   7.8949853e-02   3.1800000e+01   1.1430224e-01   3.1800000e+01   1.6265888e-01
   3.1900000e+01   7.8706322e-02   3.1900000e+01   1.1396574e-01   3.1900000e+01   1.6333606e-01
   3.2000000e+01   7.8464257e-02   3.2000000e+01   1.1363105e-01   3.2000000e+01   1.6400579e-01
   3.2100000e+01   7.8223647e-02   3.2100000e+01   1.1329814e-01   3.2100000e+01   1.6466805e-01
   3.2200000e+01   7.7984478e-02   3.2200000e+01   1.1296702e-01   3.2200000e+01   1.6532282e-01
   3.2300000e+01   7.7746739e-02   3.2300000e+01   1.1263766e-01   3.2300000e+01   1.6597007e-01
   3.2400000e+01   7.7510416e-02   3.2400000e+01   1.1231006e-01   3.2400000e+01   1.6660980e-01
   3.2500000e+01   7.7275498e-02   3.2500000e+01   1.1198421e-01   3.2500000e+01   1.6724198e-01
   3.2600000e+01   7.7041972e-02   3.2600000e+01   1.1166009e-01   3.2600000e+01   1.6786660e-01
   3.2700000e+01   7.6809826e-02   3.2700000e+01   1.1133769e-01   3.2700000e+01   1.6848365e-01
   3.2800000e+01   7.6579050e-02   3.2800000e+01   1.1101700e-01   3.2800000e+01   1.6909313e-01
   3.2900000e+01   7.6349630e-02   3.2900000e+01   1.1069801e-01   3.2900000e+01   1.6969502e-01
   3.3000000e+01   7.6121555e-02   3.3000000e+01   1.1038071e-01   3.3000000e+01   1.7028933e-01
   3.3100000e+01   7.5894815e-02   3.3100000e+01   1.1006508e-01   3.3100000e+01   1.7087606e-01
   3.3200000e+01   7.5669396e-02   3.3200000e+01   1.0975112e-01   3.3200000e+01   1.7145521e-01
   3.3300000e+01   7.5445290e-02   3.3300000e+01   1.0943881e-01   3.3300000e+01   1.7202677e-01
   3.3400000e+01   7.5222483e-02   3.3400000e+01   1.0912814e-01   3.3400000e+01   1.7259076e-01
   3.3500000e+01   7.5000966e-02   3.3500000e+01   1.0881911e-01   3.3500000e+01   1.7314718e-01
   3.3600000e+01   7.4780727e-02   3.3600000e+01   1.0851170e-01   3.3600000e+01   1.7369605e-01
   3.3700000e+01   7.4561756e-02   3.3700000e+01   1.0820589e-01   3.3700000e+01   1.7423737e-01
   3.3800000e+01   7.4344042e-02   3.3800000e+01   1.0790169e-01   3.3800000e+01   1.7477115e-01
   3.3900000e+01   7.4127575e-02   3.3900000e+01   1.0759907e-01   3.3900000e+01   1.7529742e-01
   3.4000000e+01   7.3912343e-02   3.4000000e+01   1.0729803e-01   3.4000000e+01   1.7581619e-01
   3.4100000e+01   7.3698338e-02   3.4100000e+01   1.0699855e-01   3.4100000e+01   1.7632747e-01
   3.4200000e+01   7.3485549e-02   3.4200000e+01   1.0670063e-01   3.4200000e+01   1.7683129e-01
   3.4300000e+01   7.3273965e-02   3.4300000e+01   1.0640426e-01   3.4300000e+01   1.7732768e-01
   3.4400000e+01   7.3063576e-02   3.4400000e+01   1.0610942e-01   3.4400000e+01   1.7781664e-01
   3.4500000e+01   7.2854374e-02   3.4500000e+01   1.0581610e-01   3.4500000e+01   1.7829821e-01
   3.4600000e+01   7.2646348e-02   3.4600000e+01   1.0552430e-01   3.4600000e+01   1.7877242e-01
   3.4700000e+01   7.2439488e-02   3.4700000e+01   1.0523401e-01   3.4700000e+01   1.7923928e-01
   3.4800000e+01   7.2233785e-02   3.4800000e+01   1.0494520e-01   3.4800000e+01   1.7969884e-01
   3.4900000e+01   7.2029229e-02   3.4900000e+01   1.0465788e-01   3.4900000e+01   1.8015111e-01
   3.5000000e+01   7.1825812e-02   3.5000000e+01   1.0437203e-01   3.5000000e+01   1.8059614e-01
   3.5100000e+01   7.1623523e-02   3.5100000e+01   1.0408765e-01   3.5100000e+01   1.8103395e-01
   3.5200000e+01   7.1422354e-02   3.5200000e+01   1.0380472e-01   3.5200000e+01   1.8146458e-01
   3.5300000e+01   7.1222296e-02   3.5300000e+01   1.0352323e-01   3.5300000e+01   1.8188807e-01
   3.5400000e+01   7.1023340e-02   3.5400000e+01   1.0324317e-01   3.5400000e+01   1.8230444e-01
   3.5500000e+01   7.0825476e-02   3.5500000e+01   1.0296454e-01   3.5500000e+01   1.8271374e-01
   3.5600000e+01   7.0628696e-02   3.5600000e+01   1.0268732e-01   3.5600000e+01   1.8311600e-01
   3.5700000e+01   7.0432992e-02   3.5700000e+01   1.0241151e-01   3.5700000e+01   1.8351127e-01
   3.5800000e+01   7.0238354e-02   3.5800000e+01   1.0213709e-01   3.5800000e+01   1.8389958e-01
   3.5900000e+01   7.0044775e-02   3.5900000e+01   1.0186406e-01   3.5900000e+01   1.8428097e-01
   3.6000000e+01   6.9852245e-02   3.6000000e+01   1.0159241e-01   3.6000000e+01   1.8465549e-01
   3.6100000e+01   6.9660757e-02   3.6100000e+01   1.0132212e-01   3.6100000e+01   1.8502318e-01
   3.6200000e+01   6.9470302e-02   3.6200000e+01   1.0105318e-01   3.6200000e+01   1.8538408e-01
   3.6300000e+01   6.9280872e-02   3.6300000e+01   1.0078560e-01   3.6300000e+01   1.8573823e-01
   3.6400000e+01   6.9092459e-02   3.6400000e+01   1.0051935e-01   3.6400000e+01   1.8608568e-01
   3.6500000e+01   6.8905055e-02   3.6500000e+01   1.0025444e-01   3.6500000e+01   1.8642648e-01
   3.6600000e+01   6.8718652e-02   3.6600000e+01   9.9990846e-02   3.6600000e+01   1.8676067e-01
   3.6700000e+01   6.8533243e-02   3.6700000e+01   9.9728564e-02   3.6700000e+01   1.8708830e-01
   3.6800000e+01   6.8348818e-02   3.6800000e+01   9.9467585e-02   3.6800000e+01   1.8740941e-01
   3.6900000e+01   6.8165372e-02   3.6900000e+01   9.9207901e-02   3.6900000e+01   1.8772406e-01
   3.7000000e+01   6.7982895e-02   3.7000000e+01   9.8949502e-02   3.7000000e+01   1.8803228e-01
   3.7100000e+01   6.7801381e-02   3.7100000e+01   9.8692380e-02   3.7100000e+01   1.8833413e-01
   3.7200000e+01   6.7620823e-02   3.7200000e+01   9.8436527e-02   3.7200000e+01   1.8862966e-01
   3.7300000e+01   6.7441212e-02   3.7300000e+01   9.8181933e-02   3.7300000e+01   1.8891892e-01
   3.7400000e+01   6.7262541e-02   3.7400000e+01   9.7928590e-02   3.7400000e+01   1.8920195e-01
   3.7500000e+01   6.7084804e-02   3.7500000e+01   9.7676491e-02   3.7500000e+01   1.8947881e-01
   3.7600000e+01   6.6907993e-02   3.7600000e+01   9.7425625e-02   3.7600000e+01   1.8974954e-01
   3.7700000e+01   6.6732101e-02   3.7700000e+01   9.7175986e-02   3.7700000e+01   1.9001420e-01
   3.7800000e+01   6.6557121e-02   3.7800000e+01   9.6927565e-02   3.7800000e+01   1.9027284e-01
   3.7900000e+01   6.6383046e-02   3.7900000e+01   9.6680354e-02   3.7900000e+01   1.9052550e-01
   3.8000000e+01   6.6209869e-02   3.8000000e+01   9.6434344e-02   3.8000000e+01   1.9077225e-01
   3.8100000e+01   6.6037583e-02   3.8100000e+01   9.6189528e-02   3.8100000e+01   1.9101313e-01
   3.8200000e+01   6.5866182e-02   3.8200000e+01   9.5945897e-02   3.8200000e+01   1.9124819e-01
   3.8300000e+01   6.5695659e-02   3.8300000e+01   9.5703444e-02   3.8300000e+01   1.9147748e-01
   3.8400000e+01   6.5526007e-02   3.8400000e+01   9.5462161e-02   3.8400000e+01   1.9170106e-01
   3.8500000e+01   6.5357219e-02   3.8500000e+01   9.5222040e-02   3.8500000e+01   1.9191898e-01
   3.8600000e+01   6.5189290e-02   3.8600000e+01   9.4983073e-02   3.8600000e+01   1.9213129e-01
   3.8700000e+01   6.5022213e-02   3.8700000e+01   9.4745253e-02   3.8700000e+01   1.9233805e-01
   3.8800000e+01   6.4855982e-02   3.8800000e+01   9.4508571e-02   3.8800000e+01   1.9253930e-01
   3.8900000e+01   6.4690589e-02   3.8900000e+01   9.4273021e-02   3.8900000e+01   1.9273509e-01
   3.9000000e+01   6.4526029e-02   3.9000000e+01   9.4038594e-02   3.9000000e+01   1.9292549e-01
   3.9100000e+01   6.4362297e-02   3.9100000e+01   9.3805284e-02   3.9100000e+01   1.9311053e-01
   3.9200000e+01   6.4199384e-02   3.9200000e+01   9.3573083e-02   3.9200000e+01   1.9329028e-01
   3.9300000e+01   6.4037287e-02   3.9300000e+01   9.3341983e-02   3.9300000e+01   1.9346479e-01
   3.9400000e+01   6.3875997e-02   3.9400000e+01   9.3111978e-02   3.9400000e+01   1.9363410e-01
   3.9500000e+01   6.3715511e-02   3.9500000e+01   9.2883060e-02   3.9500000e+01   1.9379828e-01
   3.9600000e+01   6.3555821e-02   3.9600000e+01   9.2655221e-02   3.9600000e+01   1.9395736e-01
   3.9700000e+01   6.3396922e-02   3.9700000e+01   9.2428456e-02   3.9700000e+01   1.9411141e-01
   3.9800000e+01   6.3238808e-02   3.9800000e+01   9.2202756e-02   3.9800000e+01   1.9426048e-01
   3.9900000e+01   6.3081474e-02   3.9900000e+01   9.1978114e-02   3.9900000e+01   1.9440461e-01
   4.0000000e+01   6.2924913e-02   4.0000000e+01   9.1754525e-02   4.0000000e+01   1.9454386e-01
   4.0100000e+01   6.2769121e-02   4.0100000e+01   9.1531980e-02   4.0100000e+01   1.9467828e-01
   4.0200000e+01   6.2614091e-02   4.0200000e+01   9.1310473e-02   4.0200000e+01   1.9480792e-01
   4.0300000e+01   6.2459818e-02   4.0300000e+01   9.1089998e-02   4.0300000e+01   1.9493284e-01
   4.0400000e+01   6.2306297e-02   4.0400000e+01   9.0870546e-02   4.0400000e+01   1.9505307e-01
   4.0500000e+01   6.2153521e-02   4.0500000e+01   9.0652113e-02   4.0500000e+01   1.9516868e-01
   4.0600000e+01   6.2001487e-02   4.0600000e+01   9.0434691e-02   4.0600000e+01   1.9527971e-01
   4.0700000e+01   6.1850189e-02   4.0700000e+01   9.0218273e-02   4.0700000e+01   1.9538622e-01
   4.0800000e+01   6.1699620e-02   4.0800000e+01   9.0002853e-02   4.0800000e+01   1.9548825e-01
   4.0900000e+01   6.1549777e-02   4.0900000e+01   8.9788424e-02   4.0900000e+01   1.9558585e-01
   4.1000000e+01   6.1400653e-02   4.1000000e+01   8.9574981e-02   4.1000000e+01   1.9567908e-01
   4.1100000e+01   6.1252245e-02   4.1100000e+01   8.9362516e-02   4.1100000e+01   1.9576798e-01
   4.1200000e+01   6.1104546e-02   4.1200000e+01   8.9151023e-02   4.1200000e+01   1.9585260e-01
   4.1300000e+01   6.0957552e-02   4.1300000e+01   8.8940497e-02   4.1300000e+01   1.9593299e-01
   4.1400000e+01   6.0811257e-02   4.1400000e+01   8.8730930e-02   4.1400000e+01   1.9600920e-01
   4.1500000e+01   6.0665658e-02   4.1500000e+01   8.8522317e-02   4.1500000e+01   1.9608127e-01
   4.1600000e+01   6.0520748e-02   4.1600000e+01   8.8314651e-02   4.1600000e+01   1.9614926e-01
   4.1700000e+01   6.0376524e-02   4.1700000e+01   8.8107927e-02   4.1700000e+01   1.9621322e-01
   4.1800000e+01   6.0232980e-02   4.1800000e+01   8.7902138e-02   4.1800000e+01   1.9627318e-01
   4.1900000e+01   6.0090111e-02   4.1900000e+01   8.7697278e-02   4.1900000e+01   1.9632919e-01
   4.2000000e+01   5.9947914e-02   4.2000000e+01   8.7493342e-02   4.2000000e+01   1.9638131e-01
   4.2100000e+01   5.9806383e-02   4.2100000e+01   8.7290323e-02   4.2100000e+01   1.9642958e-01
   4.2200000e+01   5.9665513e-02   4.2200000e+01   8.7088215e-02   4.2200000e+01   1.9647405e-01
   4.2300000e+01   5.9525300e-02   4.2300000e+01   8.6887014e-02   4.2300000e+01   1.9651476e-01
   4.2400000e+01   5.9385740e-02   4.2400000e+01   8.6686712e-02   4.2400000e+01   1.9655175e-01
   4.2500000e+01   5.9246828e-02   4.2500000e+01   8.6487305e-02   4.2500000e+01   1.9658508e-01
   4.2600000e+01   5.9108560e-02   4.2600000e+01   8.6288786e-02   4.2600000e+01   1.9661478e-01
   4.2700000e+01   5.8970930e-02   4.2700000e+01   8.6091150e-02   4.2700000e+01   1.9664091e-01
   4.2800000e+01   5.8833936e-02   4.2800000e+01   8.5894391e-02   4.2800000e+01   1.9666350e-01
   4.2900000e+01   5.8697572e-02   4.2900000e+01   8.5698504e-02   4.2900000e+01   1.9668260e-01
   4.3000000e+01   5.8561834e-02   4.3000000e+01   8.5503484e-02   4.3000000e+01   1.9669825e-01
   4.3100000e+01   5.8426718e-02   4.3100000e+01   8.5309324e-02   4.3100000e+01   1.9671050e-01
   4.3200000e+01   5.8292220e-02   4.3200000e+01   8.5116020e-02   4.3200000e+01   1.9671939e-01
   4.3300000e+01   5.8158335e-02   4.3300000e+01   8.4923566e-02   4.3300000e+01   1.9672496e-01
   4.3400000e+01   5.8025059e-02   4.3400000e+01   8.4731956e-02   4.3400000e+01   1.9672726e-01
   4.3500000e+01   5.7892389e-02   4.3500000e+01   8.4541186e-02   4.3500000e+01   1.9672631e-01
   4.3600000e+01   5.7760320e-02   4.3600000e+01   8.4351249e-02   4.3600000e+01   1.9672218e-01
   4.3700000e+01   5.7628849e-02   4.3700000e+01   8.4162142e-02   4.3700000e+01   1.9671490e-01
   4.3800000e+01   5.7497970e-02   4.3800000e+01   8.3973859e-02   4.3800000e+01   1.9670450e-01
   4.3900000e+01   5.7367680e-02   4.3900000e+01   8.3786394e-02   4.3900000e+01   1.9669103e-01
   4.4000000e+01   5.7237976e-02   4.4000000e+01   8.3599742e-02   4.4000000e+01   1.9667453e-01
   4.4100000e+01   5.7108853e-02   4.4100000e+01   8.3413899e-02   4.4100000e+01   1.9665505e-01
   4.4200000e+01   5.6980308e-02   4.4200000e+01   8.3228859e-02   4.4200000e+01   1.9663261e-01
   4.4300000e+01   5.6852336e-02   4.4300000e+01   8.3044618e-02   4.4300000e+01   1.9660725e-01
   4.4400000e+01   5.6724935e-02   4.4400000e+01   8.2861170e-02   4.4400000e+01   1.9657902e-01
   4.4500000e+01   5.6598099e-02   4.4500000e+01   8.2678511e-02   4.4500000e+01   1.9654796e-01
   4.4600000e+01   5.6471826e-02   4.4600000e+01   8.2496635e-02   4.4600000e+01   1.9651410e-01
   4.4700000e+01   5.6346111e-02   4.4700000e+01   8.2315539e-02   4.4700000e+01   1.9647748e-01
   4.4800000e+01   5.6220952e-02   4.4800000e+01   8.2135216e-02   4.4800000e+01   1.9643814e-01
   4.4900000e+01   5.6096343e-02   4.4900000e+01   8.1955663e-02   4.4900000e+01   1.9639611e-01
   4.5000000e+01   5.5972283e-02   4.5000000e+01   8.1776874e-02   4.5000000e+01   1.9635143e-01
   4.5100000e+01   5.5848767e-02   4.5100000e+01   8.1598846e-02   4.5100000e+01   1.9630414e-01
   4.5200000e+01   5.5725792e-02   4.5200000e+01   8.1421572e-02   4.5200000e+01   1.9625427e-01
   4.5300000e+01   5.5603353e-02   4.5300000e+01   8.1245049e-02   4.5300000e+01   1.9620186e-01
   4.5400000e+01   5.5481449e-02   4.5400000e+01   8.1069273e-02   4.5400000e+01   1.9614694e-01
   4.5500000e+01   5.5360075e-02   4.5500000e+01   8.0894238e-02   4.5500000e+01   1.9608955e-01
   4.5600000e+01   5.5239227e-02   4.5600000e+01   8.0719940e-02   4.5600000e+01   1.9602972e-01
   4.5700000e+01   5.5118903e-02   4.5700000e+01   8.0546374e-02   4.5700000e+01   1.9596749e-01
   4.5800000e+01   5.4999099e-02   4.5800000e+01   8.0373537e-02   4.5800000e+01   1.9590289e-01
   4.5900000e+01   5.4879812e-02   4.5900000e+01   8.0201423e-02   4.5900000e+01   1.9583595e-01
   4.6000000e+01   5.4761038e-02   4.6000000e+01   8.0030028e-02   4.6000000e+01   1.9576671e-01
   4.6100000e+01   5.4642774e-02   4.6100000e+01   7.9859349e-02   4.6100000e+01   1.9569520e-01
   4.6200000e+01   5.4525017e-02   4.6200000e+01   7.9689380e-02   4.6200000e+01   1.9562145e-01
   4.6300000e+01   5.4407764e-02   4.6300000e+01   7.9520118e-02   4.6300000e+01   1.9554550e-01
   4.6400000e+01   5.4291012e-02   4.6400000e+01   7.9351558e-02   4.6400000e+01   1.9546737e-01
   4.6500000e+01   5.4174756e-02   4.6500000e+01   7.9183696e-02   4.6500000e+01   1.9538710e-01
   4.6600000e+01   5.4058995e-02   4.6600000e+01   7.9016527e-02   4.6600000e+01   1.9530472e-01
   4.6700000e+01   5.3943725e-02   4.6700000e+01   7.8850049e-02   4.6700000e+01   1.9522026e-01
   4.6800000e+01   5.3828943e-02   4.6800000e+01   7.8684256e-02   4.6800000e+01   1.9513375e-01
   4.6900000e+01   5.3714645e-02   4.6900000e+01   7.8519144e-02   4.6900000e+01   1.9504521e-01
   4.7000000e+01   5.3600830e-02   4.7000000e+01   7.8354710e-02   4.7000000e+01   1.9495469e-01
   4.7100000e+01   5.3487493e-02   4.7100000e+01   7.8190949e-02   4.7100000e+01   1.9486220e-01
   4.7200000e+01   5.3374632e-02   4.7200000e+01   7.8027857e-02   4.7200000e+01   1.9476779e-01
   4.7300000e+01   5.3262244e-02   4.7300000e+01   7.7865431e-02   4.7300000e+01   1.9467147e-01
   4.7400000e+01   5.3150326e-02   4.7400000e+01   7.7703666e-02   4.7400000e+01   1.9457327e-01
   4.7500000e+01   5.3038875e-02   4.7500000e+01   7.7542559e-02   4.7500000e+01   1.9447323e-01
   4.7600000e+01   5.2927888e-02   4.7600000e+01   7.7382105e-02   4.7600000e+01   1.9437138e-01
   4.7700000e+01   5.2817363e-02   4.7700000e+01   7.7222302e-02   4.7700000e+01   1.9426773e-01
   4.7800000e+01   5.2707295e-02   4.7800000e+01   7.7063144e-02   4.7800000e+01   1.9416231e-01
   4.7900000e+01   5.2597684e-02   4.7900000e+01   7.6904629e-02   4.7900000e+01   1.9405516e-01
   4.8000000e+01   5.2488524e-02   4.8000000e+01   7.6746752e-02   4.8000000e+01   1.9394630e-01
   4.8100000e+01   5.2379815e-02   4.8100000e+01   7.6589510e-02   4.8100000e+01   1.9383576e-01
   4.8200000e+01   5.2271554e-02   4.8200000e+01   7.6432899e-02   4.8200000e+01   1.9372356e-01
   4.8300000e+01   5.2163736e-02   4.8300000e+01   7.6276915e-02   4.8300000e+01   1.9360973e-01
   4.8400000e+01   5.2056361e-02   4.8400000e+01   7.6121555e-02   4.8400000e+01   1.9349429e-01
   4.8500000e+01   5.1949424e-02   4.8500000e+01   7.5966815e-02   4.8500000e+01   1.9337727e-01
   4.8600000e+01   5.1842924e-02   4.8600000e+01   7.5812692e-02   4.8600000e+01   1.9325870e-01
   4.8700000e+01   5.1736858e-02   4.8700000e+01   7.5659181e-02   4.8700000e+01   1.9313859e-01
   4.8800000e+01   5.1631223e-02   4.8800000e+01   7.5506280e-02   4.8800000e+01   1.9301697e-01
   4.8900000e+01   5.1526016e-02   4.8900000e+01   7.5353985e-02   4.8900000e+01   1.9289388e-01
   4.9000000e+01   5.1421236e-02   4.9000000e+01   7.5202292e-02   4.9000000e+01   1.9276932e-01
   4.9100000e+01   5.1316879e-02   4.9100000e+01   7.5051198e-02   4.9100000e+01   1.9264333e-01
   4.9200000e+01   5.1212942e-02   4.9200000e+01   7.4900700e-02   4.9200000e+01   1.9251592e-01
   4.9300000e+01   5.1109424e-02   4.9300000e+01   7.4750793e-02   4.9300000e+01   1.9238713e-01
   4.9400000e+01   5.1006322e-02   4.9400000e+01   7.4601475e-02   4.9400000e+01   1.9225697e-01
   4.9500000e+01   5.0903633e-02   4.9500000e+01   7.4452743e-02   4.9500000e+01   1.9212546e-01
   4.9600000e+01   5.0801355e-02   4.9600000e+01   7.4304592e-02   4.9600000e+01   1.9199264e-01
   4.9700000e+01   5.0699485e-02   4.9700000e+01   7.4157020e-02   4.9700000e+01   1.9185851e-01
   4.9800000e+01   5.0598022e-02   4.9800000e+01   7.4010023e-02   4.9800000e+01   1.9172310e-01
   4.9900000e+01   5.0496962e-02   4.9900000e+01   7.3863599e-02   4.9900000e+01   1.9158644e-01
   5.0000000e+01   5.0396303e-02   5.0000000e+01   7.3717743e-02   5.0000000e+01   1.9144853e-01
   5.0100000e+01   5.0296043e-02   5.0100000e+01   7.3572453e-02   5.0100000e+01   1.9130942e-01
   5.0200000e+01   5.0196180e-02   5.0200000e+01   7.3427725e-02   5.0200000e+01   1.9116911e-01
   5.0300000e+01   5.0096710e-02   5.0300000e+01   7.3283556e-02   5.0300000e+01   1.9102762e-01
   5.0400000e+01   4.9997633e-02   5.0400000e+01   7.3139943e-02   5.0400000e+01   1.9088498e-01
   5.0500000e+01   4.9898945e-02   5.0500000e+01   7.2996884e-02   5.0500000e+01   1.9074120e-01
   5.0600000e+01   4.9800644e-02   5.0600000e+01   7.2854374e-02   5.0600000e+01   1.9059632e-01
   5.0700000e+01   4.9702728e-02   5.0700000e+01   7.2712411e-02   5.0700000e+01   1.9045033e-01
   5.0800000e+01   4.9605196e-02   5.0800000e+01   7.2570991e-02   5.0800000e+01   1.9030327e-01
   5.0900000e+01   4.9508043e-02   5.0900000e+01   7.2430113e-02   5.0900000e+01   1.9015515e-01
   5.1000000e+01   4.9411269e-02   5.1000000e+01   7.2289771e-02   5.1000000e+01   1.9000599e-01
   5.1100000e+01   4.9314871e-02   5.1100000e+01   7.2149965e-02   5.1100000e+01   1.8985582e-01
   5.1200000e+01   4.9218847e-02   5.1200000e+01   7.2010690e-02   5.1200000e+01   1.8970464e-01
   5.1300000e+01   4.9123195e-02   5.1300000e+01   7.1871944e-02   5.1300000e+01   1.8955247e-01
   5.1400000e+01   4.9027913e-02   5.1400000e+01   7.1733723e-02   5.1400000e+01   1.8939934e-01
   5.1500000e+01   4.8932998e-02   5.1500000e+01   7.1596025e-02   5.1500000e+01   1.8924526e-01
   5.1600000e+01   4.8838448e-02   5.1600000e+01   7.1458848e-02   5.1600000e+01   1.8909025e-01
   5.1700000e+01   4.8744262e-02   5.1700000e+01   7.1322187e-02   5.1700000e+01   1.8893433e-01
   5.1800000e+01   4.8650437e-02   5.1800000e+01   7.1186041e-02   5.1800000e+01   1.8877751e-01
   5.1900000e+01   4.8556971e-02   5.1900000e+01   7.1050406e-02   5.1900000e+01   1.8861981e-01
   5.2000000e+01   4.8463862e-02   5.2000000e+01   7.0915279e-02   5.2000000e+01   1.8846124e-01
   5.2100000e+01   4.8371109e-02   5.2100000e+01   7.0780658e-02   5.2100000e+01   1.8830183e-01
   5.2200000e+01   4.8278708e-02   5.2200000e+01   7.0646541e-02   5.2200000e+01   1.8814159e-01
   5.2300000e+01   4.8186659e-02   5.2300000e+01   7.0512923e-02   5.2300000e+01   1.8798053e-01
   5.2400000e+01   4.8094958e-02   5.2400000e+01   7.0379804e-02   5.2400000e+01   1.8781867e-01
   5.2500000e+01   4.8003605e-02   5.2500000e+01   7.0247178e-02   5.2500000e+01   1.8765602e-01
   5.2600000e+01   4.7912597e-02   5.2600000e+01   7.0115046e-02   5.2600000e+01   1.8749261e-01
   5.2700000e+01   4.7821932e-02   5.2700000e+01   6.9983402e-02   5.2700000e+01   1.8732844e-01
   5.2800000e+01   4.7731609e-02   5.2800000e+01   6.9852245e-02   5.2800000e+01   1.8716354e-01
   5.2900000e+01   4.7641625e-02   5.2900000e+01   6.9721573e-02   5.2900000e+01   1.8699790e-01
   5.3000000e+01   4.7551978e-02   5.3000000e+01   6.9591382e-02   5.3000000e+01   1.8683156e-01
   5.3100000e+01   4.7462667e-02   5.3100000e+01   6.9461670e-02   5.3100000e+01   1.8666453e-01
   5.3200000e+01   4.7373690e-02   5.3200000e+01   6.9332434e-02   5.3200000e+01   1.8649681e-01
   5.3300000e+01   4.7285045e-02   5.3300000e+01   6.9203672e-02   5.3300000e+01   1.8632842e-01
   5.3400000e+01   4.7196729e-02   5.3400000e+01   6.9075381e-02   5.3400000e+01   1.8615938e-01
   5.3500000e+01   4.7108742e-02   5.3500000e+01   6.8947559e-02   5.3500000e+01   1.8598971e-01
   5.3600000e+01   4.7021081e-02   5.3600000e+01   6.8820203e-02   5.3600000e+01   1.8581940e-01
   5.3700000e+01   4.6933745e-02   5.3700000e+01   6.8693311e-02   5.3700000e+01   1.8564848e-01
   5.3800000e+01   4.6846731e-02   5.3800000e+01   6.8566880e-02   5.3800000e+01   1.8547696e-01
   5.3900000e+01   4.6760039e-02   5.3900000e+01   6.8440908e-02   5.3900000e+01   1.8530486e-01
   5.4000000e+01   4.6673666e-02   5.4000000e+01   6.8315392e-02   5.4000000e+01   1.8513217e-01
   5.4100000e+01   4.6587610e-02   5.4100000e+01   6.8190330e-02   5.4100000e+01   1.8495893e-01
   5.4200000e+01   4.6501870e-02   5.4200000e+01   6.8065719e-02   5.4200000e+01   1.8478514e-01
   5.4300000e+01   4.6416444e-02   5.4300000e+01   6.7941558e-02   5.4300000e+01   1.8461081e-01
   5.4400000e+01   4.6331331e-02   5.4400000e+01   6.7817843e-02   5.4400000e+01   1.8443596e-01
   5.4500000e+01   4.6246528e-02   5.4500000e+01   6.7694573e-02   5.4500000e+01   1.8426059e-01
   5.4600000e+01   4.6162034e-02   5.4600000e+01   6.7571744e-02   5.4600000e+01   1.8408472e-01
   5.4700000e+01   4.6077847e-02   5.4700000e+01   6.7449356e-02   5.4700000e+01   1.8390836e-01
   5.4800000e+01   4.5993965e-02   5.4800000e+01   6.7327404e-02   5.4800000e+01   1.8373152e-01
   5.4900000e+01   4.5910388e-02   5.4900000e+01   6.7205888e-02   5.4900000e+01   1.8355422e-01
   5.5000000e+01   4.5827113e-02   5.5000000e+01   6.7084804e-02   5.5000000e+01   1.8337646e-01
   5.5100000e+01   4.5744139e-02   5.5100000e+01   6.6964151e-02   5.5100000e+01   1.8319826e-01
   5.5200000e+01   4.5661463e-02   5.5200000e+01   6.6843926e-02   5.5200000e+01   1.8301962e-01
   5.5300000e+01   4.5579085e-02   5.5300000e+01   6.6724128e-02   5.5300000e+01   1.8284056e-01
   5.5400000e+01   4.5497003e-02   5.5400000e+01   6.6604753e-02   5.5400000e+01   1.8266109e-01
   5.5500000e+01   4.5415216e-02   5.5500000e+01   6.6485799e-02   5.5500000e+01   1.8248121e-01
   5.5600000e+01   4.5333720e-02   5.5600000e+01   6.6367265e-02   5.5600000e+01   1.8230095e-01
   5.5700000e+01   4.5252516e-02   5.5700000e+01   6.6249149e-02   5.5700000e+01   1.8212030e-01
   5.5800000e+01   4.5171602e-02   5.5800000e+01   6.6131447e-02   5.5800000e+01   1.8193928e-01
   5.5900000e+01   4.5090976e-02   5.5900000e+01   6.6014158e-02   5.5900000e+01   1.8175790e-01
   5.6000000e+01   4.5010636e-02   5.6000000e+01   6.5897280e-02   5.6000000e+01   1.8157617e-01
   5.6100000e+01   4.4930581e-02   5.6100000e+01   6.5780811e-02   5.6100000e+01   1.8139409e-01
   5.6200000e+01   4.4850809e-02   5.6200000e+01   6.5664748e-02   5.6200000e+01   1.8121168e-01
   5.6300000e+01   4.4771320e-02   5.6300000e+01   6.5549090e-02   5.6300000e+01   1.8102895e-01
   5.6400000e+01   4.4692111e-02   5.6400000e+01   6.5433834e-02   5.6400000e+01   1.8084591e-01
   5.6500000e+01   4.4613181e-02   5.6500000e+01   6.5318979e-02   5.6500000e+01   1.8066256e-01
   5.6600000e+01   4.4534528e-02   5.6600000e+01   6.5204521e-02   5.6600000e+01   1.8047892e-01
   5.6700000e+01   4.4456152e-02   5.6700000e+01   6.5090461e-02   5.6700000e+01   1.8029499e-01
   5.6800000e+01   4.4378050e-02   5.6800000e+01   6.4976794e-02   5.6800000e+01   1.8011078e-01
   5.6900000e+01   4.4300222e-02   5.6900000e+01   6.4863519e-02   5.6900000e+01   1.7992630e-01
   5.7000000e+01   4.4222665e-02   5.7000000e+01   6.4750635e-02   5.7000000e+01   1.7974156e-01
   5.7100000e+01   4.4145379e-02   5.7100000e+01   6.4638139e-02   5.7100000e+01   1.7955657e-01
   5.7200000e+01   4.4068361e-02   5.7200000e+01   6.4526029e-02   5.7200000e+01   1.7937133e-01
   5.7300000e+01   4.3991612e-02   5.7300000e+01   6.4414304e-02   5.7300000e+01   1.7918586e-01
   5.7400000e+01   4.3915128e-02   5.7400000e+01   6.4302961e-02   5.7400000e+01   1.7900016e-01
   5.7500000e+01   4.3838909e-02   5.7500000e+01   6.4191999e-02   5.7500000e+01   1.7881424e-01
   5.7600000e+01   4.3762954e-02   5.7600000e+01   6.4081415e-02   5.7600000e+01   1.7862811e-01
   5.7700000e+01   4.3687261e-02   5.7700000e+01   6.3971207e-02   5.7700000e+01   1.7844177e-01
   5.7800000e+01   4.3611828e-02   5.7800000e+01   6.3861375e-02   5.7800000e+01   1.7825524e-01
   5.7900000e+01   4.3536655e-02   5.7900000e+01   6.3751915e-02   5.7900000e+01   1.7806851e-01
   5.8000000e+01   4.3461740e-02   5.8000000e+01   6.3642826e-02   5.8000000e+01   1.7788161e-01
   5.8100000e+01   4.3387082e-02   5.8100000e+01   6.3534107e-02   5.8100000e+01   1.7769453e-01
   5.8200000e+01   4.3312679e-02   5.8200000e+01   6.3425754e-02   5.8200000e+01   1.7750729e-01
   5.8300000e+01   4.3238530e-02   5.8300000e+01   6.3317767e-02   5.8300000e+01   1.7731988e-01
   5.8400000e+01   4.3164634e-02   5.8400000e+01   6.3210144e-02   5.8400000e+01   1.7713232e-01
   5.8500000e+01   4.3090990e-02   5.8500000e+01   6.3102883e-02   5.8500000e+01   1.7694462e-01
   5.8600000e+01   4.3017596e-02   5.8600000e+01   6.2995982e-02   5.8600000e+01   1.7675678e-01
   5.8700000e+01   4.2944450e-02   5.8700000e+01   6.2889439e-02   5.8700000e+01   1.7656880e-01
   5.8800000e+01   4.2871553e-02   5.8800000e+01   6.2783252e-02   5.8800000e+01   1.7638070e-01
   5.8900000e+01   4.2798902e-02   5.8900000e+01   6.2677420e-02   5.8900000e+01   1.7619248e-01
   5.9000000e+01   4.2726496e-02   5.9000000e+01   6.2571942e-02   5.9000000e+01   1.7600414e-01
   5.9100000e+01   4.2654335e-02   5.9100000e+01   6.2466814e-02   5.9100000e+01   1.7581570e-01
   5.9200000e+01   4.2582416e-02   5.9200000e+01   6.2362036e-02   5.9200000e+01   1.7562716e-01
   5.9300000e+01   4.2510739e-02   5.9300000e+01   6.2257606e-02   5.9300000e+01   1.7543852e-01
   5.9400000e+01   4.2439302e-02   5.9400000e+01   6.2153521e-02   5.9400000e+01   1.7524980e-01
   5.9500000e+01   4.2368104e-02   5.9500000e+01   6.2049782e-02   5.9500000e+01   1.7506099e-01
   5.9600000e+01   4.2297144e-02   5.9600000e+01   6.1946385e-02   5.9600000e+01   1.7487211e-01
   5.9700000e+01   4.2226421e-02   5.9700000e+01   6.1843329e-02   5.9700000e+01   1.7468316e-01
   5.9800000e+01   4.2155933e-02   5.9800000e+01   6.1740612e-02   5.9800000e+01   1.7449414e-01
   5.9900000e+01   4.2085680e-02   5.9900000e+01   6.1638233e-02   5.9900000e+01   1.7430507e-01
   6.0000000e+01   4.2015660e-02   6.0000000e+01   6.1536190e-02   6.0000000e+01   1.7411594e-01
   6.0100000e+01   4.1945872e-02   6.0100000e+01   6.1434482e-02   6.0100000e+01   1.7392676e-01
   6.0200000e+01   4.1876316e-02   6.0200000e+01   6.1333106e-02   6.0200000e+01   1.7373754e-01
   6.0300000e+01   4.1806989e-02   6.0300000e+01   6.1232062e-02   6.0300000e+01   1.7354829e-01
   6.0400000e+01   4.1737890e-02   6.0400000e+01   6.1131348e-02   6.0400000e+01   1.7335900e-01
   6.0500000e+01   4.1669019e-02   6.0500000e+01   6.1030961e-02   6.0500000e+01   1.7316969e-01
   6.0600000e+01   4.1600375e-02   6.0600000e+01   6.0930901e-02   6.0600000e+01   1.7298035e-01
   6.0700000e+01   4.1531956e-02   6.0700000e+01   6.0831166e-02   6.0700000e+01   1.7279100e-01
   6.0800000e+01   4.1463761e-02   6.0800000e+01   6.0731754e-02   6.0800000e+01   1.7260164e-01
   6.0900000e+01   4.1395789e-02   6.0900000e+01   6.0632663e-02   6.0900000e+01   1.7241227e-01
   6.1000000e+01   4.1328040e-02   6.1000000e+01   6.0533893e-02   6.1000000e+01   1.7222290e-01
   6.1100000e+01   4.1260511e-02   6.1100000e+01   6.0435442e-02   6.1100000e+01   1.7203353e-01
   6.1200000e+01   4.1193202e-02   6.1200000e+01   6.0337308e-02   6.1200000e+01   1.7184417e-01
   6.1300000e+01   4.1126112e-02   6.1300000e+01   6.0239490e-02   6.1300000e+01   1.7165482e-01
   6.1400000e+01   4.1059240e-02   6.1400000e+01   6.0141986e-02   6.1400000e+01   1.7146549e-01
   6.1500000e+01   4.0992584e-02   6.1500000e+01   6.0044794e-02   6.1500000e+01   1.7127618e-01
   6.1600000e+01   4.0926144e-02   6.1600000e+01   5.9947914e-02   6.1600000e+01   1.7108690e-01
   6.1700000e+01   4.0859918e-02   6.1700000e+01   5.9851343e-02   6.1700000e+01   1.7089765e-01
   6.1800000e+01   4.0793906e-02   6.1800000e+01   5.9755081e-02   6.1800000e+01   1.7070843e-01
   6.1900000e+01   4.0728107e-02   6.1900000e+01   5.9659125e-02   6.1900000e+01   1.7051925e-01
   6.2000000e+01   4.0662519e-02   6.2000000e+01   5.9563475e-02   6.2000000e+01   1.7033011e-01
   6.2100000e+01   4.0597142e-02   6.2100000e+01   5.9468129e-02   6.2100000e+01   1.7014102e-01
   6.2200000e+01   4.0531974e-02   6.2200000e+01   5.9373085e-02   6.2200000e+01   1.6995198e-01
   6.2300000e+01   4.0467015e-02   6.2300000e+01   5.9278342e-02   6.2300000e+01   1.6976300e-01
   6.2400000e+01   4.0402263e-02   6.2400000e+01   5.9183899e-02   6.2400000e+01   1.6957407e-01
   6.2500000e+01   4.0337717e-02   6.2500000e+01   5.9089755e-02   6.2500000e+01   1.6938521e-01
   6.2600000e+01   4.0273377e-02   6.2600000e+01   5.8995907e-02   6.2600000e+01   1.6919641e-01
   6.2700000e+01   4.0209242e-02   6.2700000e+01   5.8902354e-02   6.2700000e+01   1.6900768e-01
   6.2800000e+01   4.0145310e-02   6.2800000e+01   5.8809096e-02   6.2800000e+01   1.6881903e-01
   6.2900000e+01   4.0081581e-02   6.2900000e+01   5.8716130e-02   6.2900000e+01   1.6863046e-01
   6.3000000e+01   4.0018053e-02   6.3000000e+01   5.8623456e-02   6.3000000e+01   1.6844196e-01
   6.3100000e+01   3.9954727e-02   6.3100000e+01   5.8531071e-02   6.3100000e+01   1.6825355e-01
   6.3200000e+01   3.9891599e-02   6.3200000e+01   5.8438976e-02   6.3200000e+01   1.6806523e-01
   6.3300000e+01   3.9828671e-02   6.3300000e+01   5.8347167e-02   6.3300000e+01   1.6787700e-01
   6.3400000e+01   3.9765941e-02   6.3400000e+01   5.8255645e-02   6.3400000e+01   1.6768887e-01
   6.3500000e+01   3.9703407e-02   6.3500000e+01   5.8164407e-02   6.3500000e+01   1.6750083e-01
   6.3600000e+01   3.9641069e-02   6.3600000e+01   5.8073453e-02   6.3600000e+01   1.6731290e-01
   6.3700000e+01   3.9578927e-02   6.3700000e+01   5.7982781e-02   6.3700000e+01   1.6712507e-01
   6.3800000e+01   3.9516979e-02   6.3800000e+01   5.7892389e-02   6.3800000e+01   1.6693734e-01
   6.3900000e+01   3.9455224e-02   6.3900000e+01   5.7802277e-02   6.3900000e+01   1.6674973e-01
   6.4000000e+01   3.9393661e-02   6.4000000e+01   5.7712444e-02   6.4000000e+01   1.6656223e-01
   6.4100000e+01   3.9332290e-02   6.4100000e+01   5.7622887e-02   6.4100000e+01   1.6637485e-01
   6.4200000e+01   3.9271110e-02   6.4200000e+01   5.7533605e-02   6.4200000e+01   1.6618759e-01
   6.4300000e+01   3.9210119e-02   6.4300000e+01   5.7444599e-02   6.4300000e+01   1.6600045e-01
   6.4400000e+01   3.9149317e-02   6.4400000e+01   5.7355865e-02   6.4400000e+01   1.6581343e-01
   6.4500000e+01   3.9088703e-02   6.4500000e+01   5.7267403e-02   6.4500000e+01   1.6562655e-01
   6.4600000e+01   3.9028276e-02   6.4600000e+01   5.7179212e-02   6.4600000e+01   1.6543979e-01
   6.4700000e+01   3.8968035e-02   6.4700000e+01   5.7091291e-02   6.4700000e+01   1.6525317e-01
   6.4800000e+01   3.8907980e-02   6.4800000e+01   5.7003637e-02   6.4800000e+01   1.6506669e-01
   6.4900000e+01   3.8848109e-02   6.4900000e+01   5.6916251e-02   6.4900000e+01   1.6488035e-01
   6.5000000e+01   3.8788422e-02   6.5000000e+01   5.6829130e-02   6.5000000e+01   1.6469414e-01
   6.5100000e+01   3.8728917e-02   6.5100000e+01   5.6742274e-02   6.5100000e+01   1.6450808e-01
   6.5200000e+01   3.8669595e-02   6.5200000e+01   5.6655682e-02   6.5200000e+01   1.6432217e-01
   6.5300000e+01   3.8610454e-02   6.5300000e+01   5.6569351e-02   6.5300000e+01   1.6413641e-01
   6.5400000e+01   3.8551493e-02   6.5400000e+01   5.6483282e-02   6.5400000e+01   1.6395080e-01
   6.5500000e+01   3.8492712e-02   6.5500000e+01   5.6397473e-02   6.5500000e+01   1.6376534e-01
   6.5600000e+01   3.8434109e-02   6.5600000e+01   5.6311922e-02   6.5600000e+01   1.6358004e-01
   6.5700000e+01   3.8375684e-02   6.5700000e+01   5.6226629e-02   6.5700000e+01   1.6339490e-01
   6.5800000e+01   3.8317436e-02   6.5800000e+01   5.6141592e-02   6.5800000e+01   1.6320991e-01
   6.5900000e+01   3.8259365e-02   6.5900000e+01   5.6056811e-02   6.5900000e+01   1.6302510e-01
   6.6000000e+01   3.8201469e-02   6.6000000e+01   5.5972283e-02   6.6000000e+01   1.6284044e-01
   6.6100000e+01   3.8143748e-02   6.6100000e+01   5.5888009e-02   6.6100000e+01   1.6265596e-01
   6.6200000e+01   3.8086200e-02   6.6200000e+01   5.5803986e-02   6.6200000e+01   1.6247164e-01
   6.6300000e+01   3.8028826e-02   6.6300000e+01   5.5720215e-02   6.6300000e+01   1.6228750e-01
   6.6400000e+01   3.7971624e-02   6.6400000e+01   5.5636693e-02   6.6400000e+01   1.6210353e-01
   6.6500000e+01   3.7914594e-02   6.6500000e+01   5.5553419e-02   6.6500000e+01   1.6191973e-01
   6.6600000e+01   3.7857734e-02   6.6600000e+01   5.5470393e-02   6.6600000e+01   1.6173612e-01
   6.6700000e+01   3.7801044e-02   6.6700000e+01   5.5387613e-02   6.6700000e+01   1.6155268e-01
   6.6800000e+01   3.7744524e-02   6.6800000e+01   5.5305079e-02   6.6800000e+01   1.6136943e-01
   6.6900000e+01   3.7688172e-02   6.6900000e+01   5.5222788e-02   6.6900000e+01   1.6118635e-01
   6.7000000e+01   3.7631988e-02   6.7000000e+01   5.5140741e-02   6.7000000e+01   1.6100347e-01
   6.7100000e+01   3.7575971e-02   6.7100000e+01   5.5058936e-02   6.7100000e+01   1.6082077e-01
   6.7200000e+01   3.7520121e-02   6.7200000e+01   5.4977372e-02   6.7200000e+01   1.6063826e-01
   6.7300000e+01   3.7464435e-02   6.7300000e+01   5.4896048e-02   6.7300000e+01   1.6045594e-01
   6.7400000e+01   3.7408915e-02   6.7400000e+01   5.4814963e-02   6.7400000e+01   1.6027381e-01
   6.7500000e+01   3.7353559e-02   6.7500000e+01   5.4734115e-02   6.7500000e+01   1.6009188e-01
   6.7600000e+01   3.7298366e-02   6.7600000e+01   5.4653505e-02   6.7600000e+01   1.5991014e-01
   6.7700000e+01   3.7243335e-02   6.7700000e+01   5.4573130e-02   6.7700000e+01   1.5972860e-01
   6.7800000e+01   3.7188467e-02   6.7800000e+01   5.4492990e-02   6.7800000e+01   1.5954726e-01
   6.7900000e+01   3.7133760e-02   6.7900000e+01   5.4413083e-02   6.7900000e+01   1.5936611e-01
   6.8000000e+01   3.7079213e-02   6.8000000e+01   5.4333410e-02   6.8000000e+01   1.5918517e-01
   6.8100000e+01   3.7024826e-02   6.8100000e+01   5.4253968e-02   6.8100000e+01   1.5900444e-01
   6.8200000e+01   3.6970598e-02   6.8200000e+01   5.4174756e-02   6.8200000e+01   1.5882391e-01
   6.8300000e+01   3.6916529e-02   6.8300000e+01   5.4095775e-02   6.8300000e+01   1.5864358e-01
   6.8400000e+01   3.6862617e-02   6.8400000e+01   5.4017022e-02   6.8400000e+01   1.5846347e-01
   6.8500000e+01   3.6808862e-02   6.8500000e+01   5.3938497e-02   6.8500000e+01   1.5828356e-01
   6.8600000e+01   3.6755264e-02   6.8600000e+01   5.3860199e-02   6.8600000e+01   1.5810386e-01
   6.8700000e+01   3.6701821e-02   6.8700000e+01   5.3782126e-02   6.8700000e+01   1.5792438e-01
   6.8800000e+01   3.6648533e-02   6.8800000e+01   5.3704279e-02   6.8800000e+01   1.5774510e-01
   6.8900000e+01   3.6595400e-02   6.8900000e+01   5.3626655e-02   6.8900000e+01   1.5756605e-01
   6.9000000e+01   3.6542420e-02   6.9000000e+01   5.3549254e-02   6.9000000e+01   1.5738720e-01
   6.9100000e+01   3.6489593e-02   6.9100000e+01   5.3472075e-02   6.9100000e+01   1.5720858e-01
   6.9200000e+01   3.6436919e-02   6.9200000e+01   5.3395117e-02   6.9200000e+01   1.5703017e-01
   6.9300000e+01   3.6384396e-02   6.9300000e+01   5.3318380e-02   6.9300000e+01   1.5685198e-01
   6.9400000e+01   3.6332024e-02   6.9400000e+01   5.3241861e-02   6.9400000e+01   1.5667402e-01
   6.9500000e+01   3.6279802e-02   6.9500000e+01   5.3165560e-02   6.9500000e+01   1.5649627e-01
   6.9600000e+01   3.6227731e-02   6.9600000e+01   5.3089477e-02   6.9600000e+01   1.5631875e-01
   6.9700000e+01   3.6175808e-02   6.9700000e+01   5.3013610e-02   6.9700000e+01   1.5614145e-01
   6.9800000e+01   3.6124034e-02   6.9800000e+01   5.2937959e-02   6.9800000e+01   1.5596438e-01
   6.9900000e+01   3.6072407e-02   6.9900000e+01   5.2862522e-02   6.9900000e+01   1.5578753e-01
   7.0000000e+01   3.6020928e-02   7.0000000e+01   5.2787299e-02   7.0000000e+01   1.5561091e-01
   7.0100000e+01   3.5969595e-02   7.0100000e+01   5.2712288e-02   7.0100000e+01   1.5543452e-01
   7.0200000e+01   3.5918408e-02   7.0200000e+01   5.2637490e-02   7.0200000e+01   1.5525836e-01
   7.0300000e+01   3.5867366e-02   7.0300000e+01   5.2562902e-02   7.0300000e+01   1.5508242e-01
   7.0400000e+01   3.5816469e-02   7.0400000e+01   5.2488524e-02   7.0400000e+01   1.5490672e-01
   7.0500000e+01   3.5765716e-02   7.0500000e+01   5.2414356e-02   7.0500000e+01   1.5473125e-01
   7.0600000e+01   3.5715107e-02   7.0600000e+01   5.2340396e-02   7.0600000e+01   1.5455601e-01
   7.0700000e+01   3.5664640e-02   7.0700000e+01   5.2266643e-02   7.0700000e+01   1.5438101e-01
   7.0800000e+01   3.5614316e-02   7.0800000e+01   5.2193097e-02   7.0800000e+01   1.5420624e-01
   7.0900000e+01   3.5564133e-02   7.0900000e+01   5.2119757e-02   7.0900000e+01   1.5403171e-01
   7.1000000e+01   3.5514092e-02   7.1000000e+01   5.2046621e-02   7.1000000e+01   1.5385741e-01
   7.1100000e+01   3.5464191e-02   7.1100000e+01   5.1973690e-02   7.1100000e+01   1.5368335e-01
   7.1200000e+01   3.5414429e-02   7.1200000e+01   5.1900961e-02   7.1200000e+01   1.5350952e-01
   7.1300000e+01   3.5364807e-02   7.1300000e+01   5.1828435e-02   7.1300000e+01   1.5333594e-01
   7.1400000e+01   3.5315324e-02   7.1400000e+01   5.1756111e-02   7.1400000e+01   1.5316259e-01
   7.1500000e+01   3.5265979e-02   7.1500000e+01   5.1683987e-02   7.1500000e+01   1.5298949e-01
   7.1600000e+01   3.5216771e-02   7.1600000e+01   5.1612063e-02   7.1600000e+01   1.5281662e-01
   7.1700000e+01   3.5167700e-02   7.1700000e+01   5.1540338e-02   7.1700000e+01   1.5264400e-01
   7.1800000e+01   3.5118766e-02   7.1800000e+01   5.1468811e-02   7.1800000e+01   1.5247162e-01
   7.1900000e+01   3.5069968e-02   7.1900000e+01   5.1397481e-02   7.1900000e+01   1.5229948e-01
   7.2000000e+01   3.5021304e-02   7.2000000e+01   5.1326348e-02   7.2000000e+01   1.5212759e-01
   7.2100000e+01   3.4972776e-02   7.2100000e+01   5.1255411e-02   7.2100000e+01   1.5195593e-01
   7.2200000e+01   3.4924381e-02   7.2200000e+01   5.1184669e-02   7.2200000e+01   1.5178453e-01
   7.2300000e+01   3.4876121e-02   7.2300000e+01   5.1114120e-02   7.2300000e+01   1.5161337e-01
   7.2400000e+01   3.4827993e-02   7.2400000e+01   5.1043766e-02   7.2400000e+01   1.5144245e-01
   7.2500000e+01   3.4779998e-02   7.2500000e+01   5.0973603e-02   7.2500000e+01   1.5127178e-01
   7.2600000e+01   3.4732135e-02   7.2600000e+01   5.0903633e-02   7.2600000e+01   1.5110136e-01
   7.2700000e+01   3.4684403e-02   7.2700000e+01   5.0833854e-02   7.2700000e+01   1.5093118e-01
   7.2800000e+01   3.4636802e-02   7.2800000e+01   5.0764264e-02   7.2800000e+01   1.5076126e-01
   7.2900000e+01   3.4589331e-02   7.2900000e+01   5.0694865e-02   7.2900000e+01   1.5059158e-01
   7.3000000e+01   3.4541990e-02   7.3000000e+01   5.0625654e-02   7.3000000e+01   1.5042215e-01
   7.3100000e+01   3.4494779e-02   7.3100000e+01   5.0556630e-02   7.3100000e+01   1.5025297e-01
   7.3200000e+01   3.4447696e-02   7.3200000e+01   5.0487794e-02   7.3200000e+01   1.5008404e-01
   7.3300000e+01   3.4400741e-02   7.3300000e+01   5.0419145e-02   7.3300000e+01   1.4991536e-01
   7.3400000e+01   3.4353914e-02   7.3400000e+01   5.0350681e-02   7.3400000e+01   1.4974693e-01
   7.3500000e+01   3.4307214e-02   7.3500000e+01   5.0282402e-02   7.3500000e+01   1.4957875e-01
   7.3600000e+01   3.4260641e-02   7.3600000e+01   5.0214307e-02   7.3600000e+01   1.4941082e-01
   7.3700000e+01   3.4214194e-02   7.3700000e+01   5.0146396e-02   7.3700000e+01   1.4924315e-01
   7.3800000e+01   3.4167873e-02   7.3800000e+01   5.0078667e-02   7.3800000e+01   1.4907572e-01
   7.3900000e+01   3.4121677e-02   7.3900000e+01   5.0011120e-02   7.3900000e+01   1.4890855e-01
   7.4000000e+01   3.4075605e-02   7.4000000e+01   4.9943755e-02   7.4000000e+01   1.4874164e-01
   7.4100000e+01   3.4029658e-02   7.4100000e+01   4.9876570e-02   7.4100000e+01   1.4857497e-01
   7.4200000e+01   3.3983834e-02   7.4200000e+01   4.9809565e-02   7.4200000e+01   1.4840856e-01
   7.4300000e+01   3.3938133e-02   7.4300000e+01   4.9742739e-02   7.4300000e+01   1.4824240e-01
   7.4400000e+01   3.3892555e-02   7.4400000e+01   4.9676091e-02   7.4400000e+01   1.4807650e-01
   7.4500000e+01   3.3847099e-02   7.4500000e+01   4.9609621e-02   7.4500000e+01   1.4791086e-01
   7.4600000e+01   3.3801765e-02   7.4600000e+01   4.9543327e-02   7.4600000e+01   1.4774546e-01
   7.4700000e+01   3.3756551e-02   7.4700000e+01   4.9477211e-02   7.4700000e+01   1.4758033e-01
   7.4800000e+01   3.3711459e-02   7.4800000e+01   4.9411269e-02   7.4800000e+01   1.4741544e-01
   7.4900000e+01   3.3666487e-02   7.4900000e+01   4.9345503e-02   7.4900000e+01   1.4725082e-01
   7.5000000e+01   3.3621634e-02   7.5000000e+01   4.9279910e-02   7.5000000e+01   1.4708645e-01
   7.5100000e+01   3.3576900e-02   7.5100000e+01   4.9214491e-02   7.5100000e+01   1.4692233e-01
   7.5200000e+01   3.3532286e-02   7.5200000e+01   4.9149245e-02   7.5200000e+01   1.4675847e-01
   7.5300000e+01   3.3487789e-02   7.5300000e+01   4.9084171e-02   7.5300000e+01   1.4659487e-01
   7.5400000e+01   3.3443411e-02   7.5400000e+01   4.9019269e-02   7.5400000e+01   1.4643152e-01
   7.5500000e+01   3.3399150e-02   7.5500000e+01   4.8954537e-02   7.5500000e+01   1.4626843e-01
   7.5600000e+01   3.3355005e-02   7.5600000e+01   4.8889975e-02   7.5600000e+01   1.4610560e-01
   7.5700000e+01   3.3310978e-02   7.5700000e+01   4.8825583e-02   7.5700000e+01   1.4594303e-01
   7.5800000e+01   3.3267066e-02   7.5800000e+01   4.8761360e-02   7.5800000e+01   1.4578071e-01
   7.5900000e+01   3.3223269e-02   7.5900000e+01   4.8697304e-02   7.5900000e+01   1.4561865e-01
   7.6000000e+01   3.3179588e-02   7.6000000e+01   4.8633416e-02   7.6000000e+01   1.4545685e-01
   7.6100000e+01   3.3136021e-02   7.6100000e+01   4.8569695e-02   7.6100000e+01   1.4529530e-01
   7.6200000e+01   3.3092569e-02   7.6200000e+01   4.8506140e-02   7.6200000e+01   1.4513402e-01
   7.6300000e+01   3.3049230e-02   7.6300000e+01   4.8442751e-02   7.6300000e+01   1.4497299e-01
   7.6400000e+01   3.3006004e-02   7.6400000e+01   4.8379526e-02   7.6400000e+01   1.4481222e-01
   7.6500000e+01   3.2962891e-02   7.6500000e+01   4.8316466e-02   7.6500000e+01   1.4465170e-01
   7.6600000e+01   3.2919891e-02   7.6600000e+01   4.8253569e-02   7.6600000e+01   1.4449145e-01
   7.6700000e+01   3.2877002e-02   7.6700000e+01   4.8190835e-02   7.6700000e+01   1.4433145e-01
   7.6800000e+01   3.2834225e-02   7.6800000e+01   4.8128264e-02   7.6800000e+01   1.4417171e-01
   7.6900000e+01   3.2791559e-02   7.6900000e+01   4.8065854e-02   7.6900000e+01   1.4401223e-01
   7.7000000e+01   3.2749004e-02   7.7000000e+01   4.8003605e-02   7.7000000e+01   1.4385301e-01
   7.7100000e+01   3.2706559e-02   7.7100000e+01   4.7941517e-02   7.7100000e+01   1.4369405e-01
   7.7200000e+01   3.2664224e-02   7.7200000e+01   4.7879589e-02   7.7200000e+01   1.4353534e-01
   7.7300000e+01   3.2621998e-02   7.7300000e+01   4.7817819e-02   7.7300000e+01   1.4337689e-01
   7.7400000e+01   3.2579881e-02   7.7400000e+01   4.7756209e-02   7.7400000e+01   1.4321871e-01
   7.7500000e+01   3.2537872e-02   7.7500000e+01   4.7694756e-02   7.7500000e+01   1.4306078e-01
   7.7600000e+01   3.2495972e-02   7.7600000e+01   4.7633461e-02   7.7600000e+01   1.4290310e-01
   7.7700000e+01   3.2454179e-02   7.7700000e+01   4.7572323e-02   7.7700000e+01   1.4274569e-01
   7.7800000e+01   3.2412494e-02   7.7800000e+01   4.7511341e-02   7.7800000e+01   1.4258853e-01
   7.7900000e+01   3.2370915e-02   7.7900000e+01   4.7450514e-02   7.7900000e+01   1.4243164e-01
   7.8000000e+01   3.2329443e-02   7.8000000e+01   4.7389843e-02   7.8000000e+01   1.4227500e-01
   7.8100000e+01   3.2288077e-02   7.8100000e+01   4.7329326e-02   7.8100000e+01   1.4211862e-01
   7.8200000e+01   3.2246817e-02   7.8200000e+01   4.7268963e-02   7.8200000e+01   1.4196250e-01
   7.8300000e+01   3.2205661e-02   7.8300000e+01   4.7208753e-02   7.8300000e+01   1.4180663e-01
   7.8400000e+01   3.2164611e-02   7.8400000e+01   4.7148696e-02   7.8400000e+01   1.4165103e-01
   7.8500000e+01   3.2123665e-02   7.8500000e+01   4.7088790e-02   7.8500000e+01   1.4149568e-01
   7.8600000e+01   3.2082823e-02   7.8600000e+01   4.7029037e-02   7.8600000e+01   1.4134059e-01
   7.8700000e+01   3.2042084e-02   7.8700000e+01   4.6969434e-02   7.8700000e+01   1.4118576e-01
   7.8800000e+01   3.2001449e-02   7.8800000e+01   4.6909982e-02   7.8800000e+01   1.4103118e-01
   7.8900000e+01   3.1960917e-02   7.8900000e+01   4.6850680e-02   7.8900000e+01   1.4087687e-01
   7.9000000e+01   3.1920487e-02   7.9000000e+01   4.6791526e-02   7.9000000e+01   1.4072281e-01
   7.9100000e+01   3.1880160e-02   7.9100000e+01   4.6732522e-02   7.9100000e+01   1.4056901e-01
   7.9200000e+01   3.1839934e-02   7.9200000e+01   4.6673666e-02   7.9200000e+01   1.4041546e-01
   7.9300000e+01   3.1799809e-02   7.9300000e+01   4.6614957e-02   7.9300000e+01   1.4026218e-01
   7.9400000e+01   3.1759785e-02   7.9400000e+01   4.6556395e-02   7.9400000e+01   1.4010914e-01
   7.9500000e+01   3.1719862e-02   7.9500000e+01   4.6497980e-02   7.9500000e+01   1.3995637e-01
   7.9600000e+01   3.1680039e-02   7.9600000e+01   4.6439711e-02   7.9600000e+01   1.3980386e-01
   7.9700000e+01   3.1640315e-02   7.9700000e+01   4.6381587e-02   7.9700000e+01   1.3965160e-01
   7.9800000e+01   3.1600691e-02   7.9800000e+01   4.6323608e-02   7.9800000e+01   1.3949959e-01
   7.9900000e+01   3.1561166e-02   7.9900000e+01   4.6265774e-02   7.9900000e+01   1.3934785e-01
   8.0000000e+01   3.1521740e-02   8.0000000e+01   4.6208083e-02   8.0000000e+01   1.3919636e-01
   8.0100000e+01   3.1482412e-02   8.0100000e+01   4.6150535e-02   8.0100000e+01   1.3904512e-01
   8.0200000e+01   3.1443182e-02   8.0200000e+01   4.6093131e-02   8.0200000e+01   1.3889414e-01
   8.0300000e+01   3.1404050e-02   8.0300000e+01   4.6035868e-02   8.0300000e+01   1.3874342e-01
   8.0400000e+01   3.1365015e-02   8.0400000e+01   4.5978747e-02   8.0400000e+01   1.3859295e-01
   8.0500000e+01   3.1326076e-02   8.0500000e+01   4.5921767e-02   8.0500000e+01   1.3844274e-01
   8.0600000e+01   3.1287235e-02   8.0600000e+01   4.5864928e-02   8.0600000e+01   1.3829278e-01
   8.0700000e+01   3.1248489e-02   8.0700000e+01   4.5808229e-02   8.0700000e+01   1.3814308e-01
   8.0800000e+01   3.1209839e-02   8.0800000e+01   4.5751669e-02   8.0800000e+01   1.3799363e-01
   8.0900000e+01   3.1171284e-02   8.0900000e+01   4.5695249e-02   8.0900000e+01   1.3784444e-01
   8.1000000e+01   3.1132825e-02   8.1000000e+01   4.5638967e-02   8.1000000e+01   1.3769550e-01
   8.1100000e+01   3.1094460e-02   8.1100000e+01   4.5582823e-02   8.1100000e+01   1.3754682e-01
   8.1200000e+01   3.1056190e-02   8.1200000e+01   4.5526817e-02   8.1200000e+01   1.3739839e-01
   8.1300000e+01   3.1018013e-02   8.1300000e+01   4.5470948e-02   8.1300000e+01   1.3725021e-01
   8.1400000e+01   3.0979931e-02   8.1400000e+01   4.5415216e-02   8.1400000e+01   1.3710229e-01
   8.1500000e+01   3.0941941e-02   8.1500000e+01   4.5359619e-02   8.1500000e+01   1.3695462e-01
   8.1600000e+01   3.0904045e-02   8.1600000e+01   4.5304158e-02   8.1600000e+01   1.3680720e-01
   8.1700000e+01   3.0866241e-02   8.1700000e+01   4.5248832e-02   8.1700000e+01   1.3666003e-01
   8.1800000e+01   3.0828530e-02   8.1800000e+01   4.5193641e-02   8.1800000e+01   1.3651312e-01
   8.1900000e+01   3.0790910e-02   8.1900000e+01   4.5138584e-02   8.1900000e+01   1.3636646e-01
   8.2000000e+01   3.0753382e-02   8.2000000e+01   4.5083660e-02   8.2000000e+01   1.3622006e-01
   8.2100000e+01   3.0715946e-02   8.2100000e+01   4.5028870e-02   8.2100000e+01   1.3607390e-01
   8.2200000e+01   3.0678600e-02   8.2200000e+01   4.4974212e-02   8.2200000e+01   1.3592800e-01
   8.2300000e+01   3.0641345e-02   8.2300000e+01   4.4919686e-02   8.2300000e+01   1.3578234e-01
   8.2400000e+01   3.0604181e-02   8.2400000e+01   4.4865292e-02   8.2400000e+01   1.3563694e-01
   8.2500000e+01   3.0567106e-02   8.2500000e+01   4.4811029e-02   8.2500000e+01   1.3549179e-01
   8.2600000e+01   3.0530121e-02   8.2600000e+01   4.4756897e-02   8.2600000e+01   1.3534689e-01
   8.2700000e+01   3.0493225e-02   8.2700000e+01   4.4702895e-02   8.2700000e+01   1.3520224e-01
   8.2800000e+01   3.0456419e-02   8.2800000e+01   4.4649023e-02   8.2800000e+01   1.3505784e-01
   8.2900000e+01   3.0419701e-02   8.2900000e+01   4.4595281e-02   8.2900000e+01   1.3491369e-01
   8.3000000e+01   3.0383071e-02   8.3000000e+01   4.4541667e-02   8.3000000e+01   1.3476979e-01
   8.3100000e+01   3.0346529e-02   8.3100000e+01   4.4488182e-02   8.3100000e+01   1.3462613e-01
   8.3200000e+01   3.0310075e-02   8.3200000e+01   4.4434824e-02   8.3200000e+01   1.3448273e-01
   8.3300000e+01   3.0273709e-02   8.3300000e+01   4.4381594e-02   8.3300000e+01   1.3433957e-01
   8.3400000e+01   3.0237430e-02   8.3400000e+01   4.4328492e-02   8.3400000e+01   1.3419667e-01
   8.3500000e+01   3.0201237e-02   8.3500000e+01   4.4275515e-02   8.3500000e+01   1.3405401e-01
   8.3600000e+01   3.0165131e-02   8.3600000e+01   4.4222665e-02   8.3600000e+01   1.3391160e-01
   8.3700000e+01   3.0129111e-02   8.3700000e+01   4.4169941e-02   8.3700000e+01   1.3376943e-01
   8.3800000e+01   3.0093177e-02   8.3800000e+01   4.4117341e-02   8.3800000e+01   1.3362751e-01
   8.3900000e+01   3.0057329e-02   8.3900000e+01   4.4064867e-02   8.3900000e+01   1.3348584e-01
   8.4000000e+01   3.0021565e-02   8.4000000e+01   4.4012517e-02   8.4000000e+01   1.3334442e-01
   8.4100000e+01   2.9985887e-02   8.4100000e+01   4.3960291e-02   8.4100000e+01   1.3320324e-01
   8.4200000e+01   2.9950294e-02   8.4200000e+01   4.3908188e-02   8.4200000e+01   1.3306231e-01
   8.4300000e+01   2.9914784e-02   8.4300000e+01   4.3856209e-02   8.4300000e+01   1.3292162e-01
   8.4400000e+01   2.9879359e-02   8.4400000e+01   4.3804352e-02   8.4400000e+01   1.3278118e-01
   8.4500000e+01   2.9844018e-02   8.4500000e+01   4.3752617e-02   8.4500000e+01   1.3264098e-01
   8.4600000e+01   2.9808759e-02   8.4600000e+01   4.3701004e-02   8.4600000e+01   1.3250103e-01
   8.4700000e+01   2.9773585e-02   8.4700000e+01   4.3649512e-02   8.4700000e+01   1.3236132e-01
   8.4800000e+01   2.9738493e-02   8.4800000e+01   4.3598141e-02   8.4800000e+01   1.3222186e-01
   8.4900000e+01   2.9703483e-02   8.4900000e+01   4.3546891e-02   8.4900000e+01   1.3208264e-01
   8.5000000e+01   2.9668556e-02   8.5000000e+01   4.3495760e-02   8.5000000e+01   1.3194366e-01
   8.5100000e+01   2.9633711e-02   8.5100000e+01   4.3444750e-02   8.5100000e+01   1.3180492e-01
   8.5200000e+01   2.9598947e-02   8.5200000e+01   4.3393858e-02   8.5200000e+01   1.3166643e-01
   8.5300000e+01   2.9564265e-02   8.5300000e+01   4.3343086e-02   8.5300000e+01   1.3152818e-01
   8.5400000e+01   2.9529664e-02   8.5400000e+01   4.3292431e-02   8.5400000e+01   1.3139017e-01
   8.5500000e+01   2.9495144e-02   8.5500000e+01   4.3241895e-02   8.5500000e+01   1.3125240e-01
   8.5600000e+01   2.9460705e-02   8.5600000e+01   4.3191476e-02   8.5600000e+01   1.3111487e-01
   8.5700000e+01   2.9426345e-02   8.5700000e+01   4.3141175e-02   8.5700000e+01   1.3097759e-01
   8.5800000e+01   2.9392066e-02   8.5800000e+01   4.3090990e-02   8.5800000e+01   1.3084054e-01
   8.5900000e+01   2.9357866e-02   8.5900000e+01   4.3040921e-02   8.5900000e+01   1.3070374e-01
   8.6000000e+01   2.9323746e-02   8.6000000e+01   4.2990969e-02   8.6000000e+01   1.3056717e-01
   8.6100000e+01   2.9289705e-02   8.6100000e+01   4.2941132e-02   8.6100000e+01   1.3043084e-01
   8.6200000e+01   2.9255743e-02   8.6200000e+01   4.2891410e-02   8.6200000e+01   1.3029475e-01
   8.6300000e+01   2.9221860e-02   8.6300000e+01   4.2841802e-02   8.6300000e+01   1.3015891e-01
   8.6400000e+01   2.9188055e-02   8.6400000e+01   4.2792310e-02   8.6400000e+01   1.3002329e-01
   8.6500000e+01   2.9154328e-02   8.6500000e+01   4.2742931e-02   8.6500000e+01   1.2988792e-01
   8.6600000e+01   2.9120679e-02   8.6600000e+01   4.2693665e-02   8.6600000e+01   1.2975278e-01
   8.6700000e+01   2.9087107e-02   8.6700000e+01   4.2644513e-02   8.6700000e+01   1.2961789e-01
   8.6800000e+01   2.9053613e-02   8.6800000e+01   4.2595474e-02   8.6800000e+01   1.2948322e-01
   8.6900000e+01   2.9020195e-02   8.6900000e+01   4.2546547e-02   8.6900000e+01   1.2934880e-01
   8.7000000e+01   2.8986855e-02   8.7000000e+01   4.2497732e-02   8.7000000e+01   1.2921461e-01
   8.7100000e+01   2.8953591e-02   8.7100000e+01   4.2449029e-02   8.7100000e+01   1.2908066e-01
   8.7200000e+01   2.8920403e-02   8.7200000e+01   4.2400437e-02   8.7200000e+01   1.2894694e-01
   8.7300000e+01   2.8887291e-02   8.7300000e+01   4.2351956e-02   8.7300000e+01   1.2881345e-01
   8.7400000e+01   2.8854254e-02   8.7400000e+01   4.2303585e-02   8.7400000e+01   1.2868020e-01
   8.7500000e+01   2.8821294e-02   8.7500000e+01   4.2255324e-02   8.7500000e+01   1.2854719e-01
   8.7600000e+01   2.8788408e-02   8.7600000e+01   4.2207174e-02   8.7600000e+01   1.2841441e-01
   8.7700000e+01   2.8755597e-02   8.7700000e+01   4.2159132e-02   8.7700000e+01   1.2828186e-01
   8.7800000e+01   2.8722861e-02   8.7800000e+01   4.2111200e-02   8.7800000e+01   1.2814954e-01
   8.7900000e+01   2.8690199e-02   8.7900000e+01   4.2063376e-02   8.7900000e+01   1.2801746e-01
   8.8000000e+01   2.8657612e-02   8.8000000e+01   4.2015660e-02   8.8000000e+01   1.2788561e-01
   8.8100000e+01   2.8625098e-02   8.8100000e+01   4.1968052e-02   8.8100000e+01   1.2775399e-01
   8.8200000e+01   2.8592658e-02   8.8200000e+01   4.1920552e-02   8.8200000e+01   1.2762261e-01
   8.8300000e+01   2.8560291e-02   8.8300000e+01   4.1873159e-02   8.8300000e+01   1.2749145e-01
   8.8400000e+01   2.8527998e-02   8.8400000e+01   4.1825873e-02   8.8400000e+01   1.2736052e-01
   8.8500000e+01   2.8495777e-02   8.8500000e+01   4.1778693e-02   8.8500000e+01   1.2722983e-01
   8.8600000e+01   2.8463630e-02   8.8600000e+01   4.1731620e-02   8.8600000e+01   1.2709936e-01
   8.8700000e+01   2.8431554e-02   8.8700000e+01   4.1684652e-02   8.8700000e+01   1.2696913e-01
   8.8800000e+01   2.8399551e-02   8.8800000e+01   4.1637789e-02   8.8800000e+01   1.2683912e-01
   8.8900000e+01   2.8367619e-02   8.8900000e+01   4.1591032e-02   8.8900000e+01   1.2670934e-01
   8.9000000e+01   2.8335760e-02   8.9000000e+01   4.1544379e-02   8.9000000e+01   1.2657980e-01
   8.9100000e+01   2.8303971e-02   8.9100000e+01   4.1497831e-02   8.9100000e+01   1.2645047e-01
   8.9200000e+01   2.8272254e-02   8.9200000e+01   4.1451386e-02   8.9200000e+01   1.2632138e-01
   8.9300000e+01   2.8240608e-02   8.9300000e+01   4.1405045e-02   8.9300000e+01   1.2619251e-01
   8.9400000e+01   2.8209033e-02   8.9400000e+01   4.1358808e-02   8.9400000e+01   1.2606387e-01
   8.9500000e+01   2.8177528e-02   8.9500000e+01   4.1312673e-02   8.9500000e+01   1.2593546e-01
   8.9600000e+01   2.8146094e-02   8.9600000e+01   4.1266641e-02   8.9600000e+01   1.2580727e-01
   8.9700000e+01   2.8114729e-02   8.9700000e+01   4.1220711e-02   8.9700000e+01   1.2567931e-01
   8.9800000e+01   2.8083434e-02   8.9800000e+01   4.1174883e-02   8.9800000e+01   1.2555157e-01
   8.9900000e+01   2.8052209e-02   8.9900000e+01   4.1129157e-02   8.9900000e+01   1.2542406e-01
   9.0000000e+01   2.8021053e-02   9.0000000e+01   4.1083532e-02   9.0000000e+01   1.2529677e-01
   9.0100000e+01   2.7989966e-02   9.0100000e+01   4.1038007e-02   9.0100000e+01   1.2516971e-01
   9.0200000e+01   2.7958948e-02   9.0200000e+01   4.0992584e-02   9.0200000e+01   1.2504287e-01
   9.0300000e+01   2.7927999e-02   9.0300000e+01   4.0947260e-02   9.0300000e+01   1.2491625e-01
   9.0400000e+01   2.7897118e-02   9.0400000e+01   4.0902037e-02   9.0400000e+01   1.2478986e-01
   9.0500000e+01   2.7866305e-02   9.0500000e+01   4.0856913e-02   9.0500000e+01   1.2466368e-01
   9.0600000e+01   2.7835561e-02   9.0600000e+01   4.0811889e-02   9.0600000e+01   1.2453773e-01
   9.0700000e+01   2.7804883e-02   9.0700000e+01   4.0766963e-02   9.0700000e+01   1.2441200e-01
   9.0800000e+01   2.7774274e-02   9.0800000e+01   4.0722136e-02   9.0800000e+01   1.2428650e-01
   9.0900000e+01   2.7743732e-02   9.0900000e+01   4.0677407e-02   9.0900000e+01   1.2416121e-01
   9.1000000e+01   2.7713257e-02   9.1000000e+01   4.0632776e-02   9.1000000e+01   1.2403614e-01
   9.1100000e+01   2.7682848e-02   9.1100000e+01   4.0588243e-02   9.1100000e+01   1.2391130e-01
   9.1200000e+01   2.7652506e-02   9.1200000e+01   4.0543807e-02   9.1200000e+01   1.2378667e-01
   9.1300000e+01   2.7622231e-02   9.1300000e+01   4.0499468e-02   9.1300000e+01   1.2366226e-01
   9.1400000e+01   2.7592022e-02   9.1400000e+01   4.0455226e-02   9.1400000e+01   1.2353807e-01
   9.1500000e+01   2.7561879e-02   9.1500000e+01   4.0411080e-02   9.1500000e+01   1.2341410e-01
   9.1600000e+01   2.7531801e-02   9.1600000e+01   4.0367031e-02   9.1600000e+01   1.2329035e-01
   9.1700000e+01   2.7501790e-02   9.1700000e+01   4.0323077e-02   9.1700000e+01   1.2316681e-01
   9.1800000e+01   2.7471843e-02   9.1800000e+01   4.0279218e-02   9.1800000e+01   1.2304349e-01
   9.1900000e+01   2.7441962e-02   9.1900000e+01   4.0235455e-02   9.1900000e+01   1.2292039e-01
   9.2000000e+01   2.7412145e-02   9.2000000e+01   4.0191786e-02   9.2000000e+01   1.2279751e-01
   9.2100000e+01   2.7382393e-02   9.2100000e+01   4.0148212e-02   9.2100000e+01   1.2267484e-01
   9.2200000e+01   2.7352706e-02   9.2200000e+01   4.0104732e-02   9.2200000e+01   1.2255238e-01
   9.2300000e+01   2.7323083e-02   9.2300000e+01   4.0061346e-02   9.2300000e+01   1.2243014e-01
   9.2400000e+01   2.7293524e-02   9.2400000e+01   4.0018053e-02   9.2400000e+01   1.2230812e-01
   9.2500000e+01   2.7264029e-02   9.2500000e+01   3.9974854e-02   9.2500000e+01   1.2218631e-01
   9.2600000e+01   2.7234597e-02   9.2600000e+01   3.9931748e-02   9.2600000e+01   1.2206471e-01
   9.2700000e+01   2.7205229e-02   9.2700000e+01   3.9888735e-02   9.2700000e+01   1.2194332e-01
   9.2800000e+01   2.7175924e-02   9.2800000e+01   3.9845814e-02   9.2800000e+01   1.2182215e-01
   9.2900000e+01   2.7146683e-02   9.2900000e+01   3.9802985e-02   9.2900000e+01   1.2170120e-01
   9.3000000e+01   2.7117504e-02   9.3000000e+01   3.9760248e-02   9.3000000e+01   1.2158045e-01
   9.3100000e+01   2.7088387e-02   9.3100000e+01   3.9717602e-02   9.3100000e+01   1.2145992e-01
   9.3200000e+01   2.7059333e-02   9.3200000e+01   3.9675048e-02   9.3200000e+01   1.2133959e-01
   9.3300000e+01   2.7030342e-02   9.3300000e+01   3.9632584e-02   9.3300000e+01   1.2121948e-01
   9.3400000e+01   2.7001412e-02   9.3400000e+01   3.9590211e-02   9.3400000e+01   1.2109958e-01
   9.3500000e+01   2.6972544e-02   9.3500000e+01   3.9547929e-02   9.3500000e+01   1.2097989e-01
   9.3600000e+01   2.6943738e-02   9.3600000e+01   3.9505736e-02   9.3600000e+01   1.2086041e-01
   9.3700000e+01   2.6914993e-02   9.3700000e+01   3.9463634e-02   9.3700000e+01   1.2074113e-01
   9.3800000e+01   2.6886310e-02   9.3800000e+01   3.9421620e-02   9.3800000e+01   1.2062207e-01
   9.3900000e+01   2.6857687e-02   9.3900000e+01   3.9379696e-02   9.3900000e+01   1.2050321e-01
   9.4000000e+01   2.6829126e-02   9.4000000e+01   3.9337861e-02   9.4000000e+01   1.2038457e-01
   9.4100000e+01   2.6800625e-02   9.4100000e+01   3.9296115e-02   9.4100000e+01   1.2026613e-01
   9.4200000e+01   2.6772184e-02   9.4200000e+01   3.9254457e-02   9.4200000e+01   1.2014790e-01
   9.4300000e+01   2.6743804e-02   9.4300000e+01   3.9212887e-02   9.4300000e+01   1.2002987e-01
   9.4400000e+01   2.6715484e-02   9.4400000e+01   3.9171405e-02   9.4400000e+01   1.1991205e-01
   9.4500000e+01   2.6687224e-02   9.4500000e+01   3.9130010e-02   9.4500000e+01   1.1979444e-01
   9.4600000e+01   2.6659023e-02   9.4600000e+01   3.9088703e-02   9.4600000e+01   1.1967703e-01
   9.4700000e+01   2.6630882e-02   9.4700000e+01   3.9047482e-02   9.4700000e+01   1.1955983e-01
   9.4800000e+01   2.6602800e-02   9.4800000e+01   3.9006349e-02   9.4800000e+01   1.1944283e-01
   9.4900000e+01   2.6574778e-02   9.4900000e+01   3.8965301e-02   9.4900000e+01   1.1932604e-01
   9.5000000e+01   2.6546814e-02   9.5000000e+01   3.8924340e-02   9.5000000e+01   1.1920945e-01
   9.5100000e+01   2.6518909e-02   9.5100000e+01   3.8883465e-02   9.5100000e+01   1.1909306e-01
   9.5200000e+01   2.6491063e-02   9.5200000e+01   3.8842675e-02   9.5200000e+01   1.1897688e-01
   9.5300000e+01   2.6463275e-02   9.5300000e+01   3.8801971e-02   9.5300000e+01   1.1886090e-01
   9.5400000e+01   2.6435545e-02   9.5400000e+01   3.8761352e-02   9.5400000e+01   1.1874512e-01
   9.5500000e+01   2.6407874e-02   9.5500000e+01   3.8720817e-02   9.5500000e+01   1.1862955e-01
   9.5600000e+01   2.6380260e-02   9.5600000e+01   3.8680367e-02   9.5600000e+01   1.1851417e-01
   9.5700000e+01   2.6352704e-02   9.5700000e+01   3.8640002e-02   9.5700000e+01   1.1839900e-01
   9.5800000e+01   2.6325205e-02   9.5800000e+01   3.8599720e-02   9.5800000e+01   1.1828403e-01
   9.5900000e+01   2.6297764e-02   9.5900000e+01   3.8559522e-02   9.5900000e+01   1.1816925e-01
   9.6000000e+01   2.6270379e-02   9.6000000e+01   3.8519408e-02   9.6000000e+01   1.1805468e-01
   9.6100000e+01   2.6243052e-02   9.6100000e+01   3.8479377e-02   9.6100000e+01   1.1794031e-01
   9.6200000e+01   2.6215782e-02   9.6200000e+01   3.8439429e-02   9.6200000e+01   1.1782614e-01
   9.6300000e+01   2.6188568e-02   9.6300000e+01   3.8399564e-02   9.6300000e+01   1.1771216e-01
   9.6400000e+01   2.6161410e-02   9.6400000e+01   3.8359781e-02   9.6400000e+01   1.1759838e-01
   9.6500000e+01   2.6134309e-02   9.6500000e+01   3.8320080e-02   9.6500000e+01   1.1748480e-01
   9.6600000e+01   2.6107264e-02   9.6600000e+01   3.8280461e-02   9.6600000e+01   1.1737142e-01
   9.6700000e+01   2.6080274e-02   9.6700000e+01   3.8240924e-02   9.6700000e+01   1.1725824e-01
   9.6800000e+01   2.6053341e-02   9.6800000e+01   3.8201469e-02   9.6800000e+01   1.1714525e-01
   9.6900000e+01   2.6026463e-02   9.6900000e+01   3.8162095e-02   9.6900000e+01   1.1703246e-01
   9.7000000e+01   2.5999640e-02   9.7000000e+01   3.8122801e-02   9.7000000e+01   1.1691986e-01
   9.7100000e+01   2.5972873e-02   9.7100000e+01   3.8083589e-02   9.7100000e+01   1.1680746e-01
   9.7200000e+01   2.5946160e-02   9.7200000e+01   3.8044456e-02   9.7200000e+01   1.1669526e-01
   9.7300000e+01   2.5919503e-02   9.7300000e+01   3.8005404e-02   9.7300000e+01   1.1658324e-01
   9.7400000e+01   2.5892900e-02   9.7400000e+01   3.7966432e-02   9.7400000e+01   1.1647143e-01
   9.7500000e+01   2.5866352e-02   9.7500000e+01   3.7927540e-02   9.7500000e+01   1.1635980e-01
   9.7600000e+01   2.5839858e-02   9.7600000e+01   3.7888727e-02   9.7600000e+01   1.1624838e-01
   9.7700000e+01   2.5813418e-02   9.7700000e+01   3.7849994e-02   9.7700000e+01   1.1613714e-01
   9.7800000e+01   2.5787032e-02   9.7800000e+01   3.7811339e-02   9.7800000e+01   1.1602609e-01
   9.7900000e+01   2.5760700e-02   9.7900000e+01   3.7772763e-02   9.7900000e+01   1.1591524e-01
   9.8000000e+01   2.5734422e-02   9.8000000e+01   3.7734266e-02   9.8000000e+01   1.1580458e-01
   9.8100000e+01   2.5708197e-02   9.8100000e+01   3.7695847e-02   9.8100000e+01   1.1569411e-01
   9.8200000e+01   2.5682026e-02   9.8200000e+01   3.7657506e-02   9.8200000e+01   1.1558384e-01
   9.8300000e+01   2.5655908e-02   9.8300000e+01   3.7619243e-02   9.8300000e+01   1.1547375e-01
   9.8400000e+01   2.5629843e-02   9.8400000e+01   3.7581057e-02   9.8400000e+01   1.1536385e-01
   9.8500000e+01   2.5603831e-02   9.8500000e+01   3.7542949e-02   9.8500000e+01   1.1525415e-01
   9.8600000e+01   2.5577872e-02   9.8600000e+01   3.7504917e-02   9.8600000e+01   1.1514463e-01
   9.8700000e+01   2.5551965e-02   9.8700000e+01   3.7466963e-02   9.8700000e+01   1.1503530e-01
   9.8800000e+01   2.5526110e-02   9.8800000e+01   3.7429085e-02   9.8800000e+01   1.1492616e-01
   9.8900000e+01   2.5500308e-02   9.8900000e+01   3.7391284e-02   9.8900000e+01   1.1481721e-01
   9.9000000e+01   2.5474558e-02   9.9000000e+01   3.7353559e-02   9.9000000e+01   1.1470844e-01
   9.9100000e+01   2.5448860e-02   9.9100000e+01   3.7315910e-02   9.9100000e+01   1.1459987e-01
   9.9200000e+01   2.5423214e-02   9.9200000e+01   3.7278336e-02   9.9200000e+01   1.1449148e-01
   9.9300000e+01   2.5397619e-02   9.9300000e+01   3.7240838e-02   9.9300000e+01   1.1438327e-01
   9.9400000e+01   2.5372076e-02   9.9400000e+01   3.7203415e-02   9.9400000e+01   1.1427526e-01
   9.9500000e+01   2.5346584e-02   9.9500000e+01   3.7166067e-02   9.9500000e+01   1.1416743e-01
   9.9600000e+01   2.5321143e-02   9.9600000e+01   3.7128794e-02   9.9600000e+01   1.1405978e-01
   9.9700000e+01   2.5295753e-02   9.9700000e+01   3.7091596e-02   9.9700000e+01   1.1395232e-01
   9.9800000e+01   2.5270414e-02   9.9800000e+01   3.7054472e-02   9.9800000e+01   1.1384505e-01
   9.9900000e+01   2.5245126e-02   9.9900000e+01   3.7017422e-02   9.9900000e+01   1.1373795e-01
   1.0000000e+02   2.5219888e-02   1.0000000e+02   3.6980446e-02   1.0000000e+02   1.1363105e-01
