  0.0000000000E+00 -1.2951208891E+01
  3.0753250986E+02 -1.2438721246E+01
  3.3253846612E+02 -1.2074692823E+01
  3.4740603177E+02 -1.1920725427E+01
  3.5764510798E+02 -1.1846139322E+01
  3.6586553912E+02 -1.1814034976E+01
  3.7312253960E+02 -1.1797508371E+01
  3.8000511768E+02 -1.1783446159E+01
  3.8665084446E+02 -1.1769864989E+01
  3.9307876690E+02 -1.1756952126E+01
  3.9931992467E+02 -1.1744729209E+01
  4.0541416690E+02 -1.1733592342E+01
  4.1139911125E+02 -1.1723574762E+01
  4.1729960066E+02 -1.1714667386E+01
  4.2312963827E+02 -1.1706381243E+01
  4.2889620650E+02 -1.1698873635E+01
  4.3461676907E+02 -1.1692376327E+01
  4.4031143582E+02 -1.1687211330E+01
  4.4599534760E+02 -1.1683109491E+01
  4.5167754241E+02 -1.1680145325E+01
  4.5736945328E+02 -1.1678062270E+01
  4.6307489066E+02 -1.1676744528E+01
  4.6880169755E+02 -1.1676190225E+01
  4.7455731633E+02 -1.1676212601E+01
  4.8034723063E+02 -1.1677099343E+01
  4.8618308033E+02 -1.1678701807E+01
  4.9206877349E+02 -1.1680978869E+01
  4.9801362052E+02 -1.1684021385E+01
  5.0402685234E+02 -1.1687683972E+01
  5.1011563646E+02 -1.1692338155E+01
  5.1629436601E+02 -1.1697907803E+01
  5.2256934584E+02 -1.1704344106E+01
  5.2895470839E+02 -1.1711869113E+01
  5.3546847594E+02 -1.1720422970E+01
  5.4211847311E+02 -1.1729911193E+01
  5.4892009762E+02 -1.1740528623E+01
  5.5589228076E+02 -1.1752203010E+01
  5.6304323197E+02 -1.1764677481E+01
  5.7038691043E+02 -1.1778020014E+01
  5.7793971486E+02 -1.1792101310E+01
  5.8570808899E+02 -1.1806492328E+01
  5.9370217062E+02 -1.1821173259E+01
  6.0193414196E+02 -1.1835918337E+01
  6.1040735958E+02 -1.1850056363E+01
  6.1912306702E+02 -1.1863394201E+01
  6.2807889161E+02 -1.1875581046E+01
  6.3726176345E+02 -1.1886401396E+01
  6.4665144966E+02 -1.1895571741E+01
  6.5621921914E+02 -1.1903608357E+01
  6.6594483308E+02 -1.1910757343E+01
  6.7580758202E+02 -1.1916801618E+01
  6.8578825642E+02 -1.1922203975E+01
  6.9587818242E+02 -1.1927253640E+01
  7.0607172837E+02 -1.1932208241E+01
  7.1636750223E+02 -1.1936875564E+01
  7.2676078937E+02 -1.1941796384E+01
  7.3725778353E+02 -1.1947126612E+01
  7.4786451493E+02 -1.1952875979E+01
  7.5859143278E+02 -1.1959139805E+01
  7.6944904616E+02 -1.1965337561E+01
  7.8043470439E+02 -1.1971895253E+01
  7.9155346333E+02 -1.1978913763E+01
  8.0282028608E+02 -1.1986469044E+01
  8.1426091043E+02 -1.1993010437E+01
  8.2584512766E+02 -1.1999369448E+01
  8.3754764517E+02 -1.2005148951E+01
  8.4936169114E+02 -1.2009513096E+01
  8.6124507112E+02 -1.2013067999E+01
  8.7321493450E+02 -1.2012654713E+01
  8.8516483764E+02 -1.2009871011E+01
  8.9697634580E+02 -1.2006644812E+01
  9.0869995575E+02 -1.2003344469E+01
  9.2037011816E+02 -1.1999787897E+01
  9.3199592168E+02 -1.1997691783E+01
  9.4365981161E+02 -1.1992953279E+01
  9.5524479518E+02 -1.1988420079E+01
  9.6657889745E+02 -1.1987777456E+01
  9.7789390349E+02 -1.1988896918E+01
  9.8925654684E+02 -1.1991865825E+01
  1.0007250986E+03 -1.1999032995E+01
  1.0125786902E+03 -1.2005163435E+01
  1.0247110830E+03 -1.2014034952E+01
  1.0368530800E+03 -1.2029786132E+01
  1.0493688890E+03 -1.2048110804E+01
  1.0623064150E+03 -1.2065058637E+01
  1.0756061858E+03 -1.2077313876E+01
  1.0891839814E+03 -1.2086592509E+01
  1.1032891080E+03 -1.2084589490E+01
  1.1175159830E+03 -1.2079683877E+01
  1.1314282932E+03 -1.2078053831E+01
  1.1454305657E+03 -1.2076526963E+01
  1.1595180708E+03 -1.2078954171E+01
  1.1739011856E+03 -1.2082652787E+01
  1.1886473163E+03 -1.2078335429E+01
  1.2033460345E+03 -1.2058191510E+01
  1.2172718490E+03 -1.2022841177E+01
  1.2302534511E+03 -1.2016619456E+01
  1.2436515919E+03 -1.2007845635E+01
  1.2572824194E+03 -1.1992728230E+01
  1.2707958475E+03 -1.1979743088E+01
  1.2838967038E+03 -1.1977140657E+01
  1.2969128016E+03 -1.1989713409E+01
  1.3101085553E+03 -1.1980622867E+01
  1.3223975830E+03 -1.1994295527E+01
  1.3346087082E+03 -1.2026557387E+01
  1.3471867982E+03 -1.2083827994E+01
  1.3607634696E+03 -1.2182198822E+01
  1.3765382418E+03 -1.2362348025E+01
  1.3975804734E+03 -1.2978211020E+01
  1.4737391493E+03 -1.2976998623E+01
  1.5475855816E+03 -1.2919062907E+01
  1.6069621081E+03 -1.2889000603E+01
  1.6584717224E+03 -1.2887892555E+01
  1.7064573949E+03 -1.2904335396E+01
  1.7532103025E+03 -1.2930863562E+01
  1.7999199098E+03 -1.2959839154E+01
  1.8469177277E+03 -1.2983691471E+01
  1.8937698808E+03 -1.3000266484E+01
  1.9397908077E+03 -1.3010389926E+01
  1.9844624479E+03 -1.3017700573E+01
  2.0276130721E+03 -1.3023257949E+01
  2.0692330336E+03 -1.3027615533E+01
  2.1093393912E+03 -1.3031217153E+01
  2.1479939656E+03 -1.3033878264E+01
  2.1852486466E+03 -1.3036231248E+01
  2.2212302760E+03 -1.3038801092E+01
  2.2560473002E+03 -1.3038580397E+01
  2.2895099250E+03 -1.3039330319E+01
  2.3218212800E+03 -1.3040097103E+01
  2.3530723986E+03 -1.3040745316E+01
  2.3833308722E+03 -1.3041439223E+01
  2.4126634008E+03 -1.3042290563E+01
  2.4411334936E+03 -1.3043221317E+01
  2.4687955099E+03 -1.3044083241E+01
  2.4956948814E+03 -1.3044850044E+01
  2.5218729555E+03 -1.3045684642E+01
  2.5473736886E+03 -1.3046783132E+01
  2.5722436980E+03 -1.3048195825E+01
  2.5965268790E+03 -1.3049802510E+01
  2.6202599385E+03 -1.3051373533E+01
  2.6434686860E+03 -1.3052792931E+01
  2.6661729903E+03 -1.3054069660E+01
  2.6883897159E+03 -1.3055297841E+01
  2.7101361980E+03 -1.3056601536E+01
  2.7314344116E+03 -1.3058086677E+01
  2.7523087736E+03 -1.3059327914E+01
  2.7727617087E+03 -1.3060742968E+01
  2.7928200760E+03 -1.3062223725E+01
  2.8125013228E+03 -1.3063674714E+01
  2.8318162797E+03 -1.3065034056E+01
  2.8507729056E+03 -1.3066266815E+01
  2.8693790591E+03 -1.3067359120E+01
  2.8876428108E+03 -1.3068326192E+01
  2.9055717762E+03 -1.3069212254E+01
  2.9231734428E+03 -1.3070076092E+01
  2.9404558433E+03 -1.3070953649E+01
  2.9574275679E+03 -1.3071835190E+01
  2.9740969318E+03 -1.3072660944E+01
  2.9904704741E+03 -1.3073360664E+01
  3.0065530541E+03 -1.3073900977E+01
  3.0223492174E+03 -1.3074299083E+01
  3.0378643442E+03 -1.3074599698E+01
  3.0531039526E+03 -1.3074731237E+01
  3.0680687986E+03 -1.3074734849E+01
  3.0827607141E+03 -1.3074603238E+01
  3.0971814619E+03 -1.3074380854E+01
  3.1113359994E+03 -1.3074115101E+01
  3.1252320446E+03 -1.3073782025E+01
  3.1388758741E+03 -1.3073276818E+01
  3.1522686997E+03 -1.3072487135E+01
  3.1654071463E+03 -1.3071382678E+01
  3.1782876483E+03 -1.3070027701E+01
  3.1909105942E+03 -1.3068509548E+01
  3.2032806249E+03 -1.3066856650E+01
  3.2154033841E+03 -1.3065025268E+01
  3.2272819918E+03 -1.3062959415E+01
  3.2389163629E+03 -1.3060645974E+01
  3.2503049804E+03 -1.3058098950E+01
  3.2614468975E+03 -1.3055368847E+01
  3.2723437291E+03 -1.3052455222E+01
  3.2829983422E+03 -1.3049338695E+01
  3.2934142989E+03 -1.3045999111E+01
  3.3035951759E+03 -1.3042432733E+01
  3.3135442061E+03 -1.3038645026E+01
  3.3232641614E+03 -1.3034632239E+01
  3.3327571785E+03 -1.3030396378E+01
  3.3420254453E+03 -1.3025965996E+01
  3.3510721151E+03 -1.3021403093E+01
  3.3599019301E+03 -1.3016781706E+01
  3.3685211078E+03 -1.3012155263E+01
  3.3769367099E+03 -1.3007539788E+01
  3.3851559242E+03 -1.3002937925E+01
  3.3931858086E+03 -1.2998342930E+01
  3.4010330003E+03 -1.2993758911E+01
  3.4087037948E+03 -1.2989205787E+01
  3.4162045453E+03 -1.2984719361E+01
  3.4235421947E+03 -1.2980354698E+01
  3.4307248208E+03 -1.2976179454E+01
  3.4377617293E+03 -1.2972256807E+01
  3.4446628981E+03 -1.2968637222E+01
  3.4514384122E+03 -1.2965354688E+01
  3.4580980552E+03 -1.2962437571E+01
  3.4646513271E+03 -1.2959912832E+01
  3.4711076542E+03 -1.2957827176E+01
  3.4774768464E+03 -1.2956235261E+01
  3.4837688728E+03 -1.2955163248E+01
  3.4899932008E+03 -1.2954651595E+01
  3.4961595178E+03 -1.2954747568E+01
  3.5022776875E+03 -1.2955491662E+01
  3.5083576775E+03 -1.2956899459E+01
  3.5144091606E+03 -1.2958940686E+01
  3.5204407421E+03 -1.2961572419E+01
  3.5264599183E+03 -1.2964748737E+01
  3.5324734185E+03 -1.2968413507E+01
  3.5384871819E+03 -1.2972506969E+01
  3.5445063199E+03 -1.2976973493E+01
  3.5505352770E+03 -1.2981769184E+01
  3.5565780639E+03 -1.2986859992E+01
  3.5626383512E+03 -1.2992218811E+01
  3.5687194566E+03 -1.2997816144E+01
  3.5748242206E+03 -1.3003612349E+01
  3.5809548468E+03 -1.3009565392E+01
  3.5871129741E+03 -1.3015625135E+01
  3.5932995266E+03 -1.3021737572E+01
  3.5995145719E+03 -1.3027853705E+01
  3.6057573585E+03 -1.3033931197E+01
  3.6120264028E+03 -1.3039943253E+01
  3.6183198188E+03 -1.3045878562E+01
  3.6246356018E+03 -1.3051741723E+01
  3.6309718900E+03 -1.3057544833E+01
  3.6373270294E+03 -1.3063301802E+01
  3.6436995886E+03 -1.3069032588E+01
  3.6500885278E+03 -1.3074754746E+01
  3.6564931923E+03 -1.3080480128E+01
  3.6629132779E+03 -1.3086209394E+01
  3.6693486442E+03 -1.3091933424E+01
  3.6757991233E+03 -1.3097636919E+01
  3.6822643797E+03 -1.3103303919E+01
  3.6887439001E+03 -1.3108919769E+01
  3.6952369765E+03 -1.3114471912E+01
  3.7017426887E+03 -1.3119951953E+01
  3.7082599565E+03 -1.3125355018E+01
  3.7147876133E+03 -1.3130677584E+01
  3.7213243664E+03 -1.3135923440E+01
  3.7278688865E+03 -1.3141103472E+01
  3.7344199795E+03 -1.3146229679E+01
  3.7409766673E+03 -1.3151309325E+01
  3.7475381560E+03 -1.3156344626E+01
  3.7541037447E+03 -1.3161333756E+01
  3.7606727556E+03 -1.3166271468E+01
  3.7672444420E+03 -1.3171153964E+01
  3.7738180075E+03 -1.3175979203E+01
  3.7803926308E+03 -1.3180745948E+01
  3.7869674482E+03 -1.3185453731E+01
  3.7935415634E+03 -1.3190104579E+01
  3.8001140781E+03 -1.3194703309E+01
  3.8066841517E+03 -1.3199254543E+01
  3.8132510303E+03 -1.3203760588E+01
  3.8198140082E+03 -1.3208222004E+01
  3.8263724222E+03 -1.3212638687E+01
  3.8329256427E+03 -1.3217009057E+01
  3.8394730279E+03 -1.3221329873E+01
  3.8460138927E+03 -1.3225600590E+01
  3.8525475516E+03 -1.3229821814E+01
  3.8590733274E+03 -1.3233993207E+01
  3.8655905364E+03 -1.3238118074E+01
  3.8720985488E+03 -1.3242198816E+01
  3.8785967597E+03 -1.3246237946E+01
  3.8850846006E+03 -1.3250239292E+01
  3.8915615757E+03 -1.3254204295E+01
  3.8980272165E+03 -1.3258135327E+01
  3.9044811123E+03 -1.3262032001E+01
  3.9109228523E+03 -1.3265892828E+01
  3.9173519993E+03 -1.3269717900E+01
  3.9237681337E+03 -1.3273506081E+01
  3.9301708107E+03 -1.3277256861E+01
  3.9365595535E+03 -1.3280972139E+01
  3.9429339049E+03 -1.3284655027E+01
  3.9492934598E+03 -1.3288308559E+01
  3.9556378594E+03 -1.3291936662E+01
  3.9619668004E+03 -1.3295542912E+01
  3.9682800478E+03 -1.3299128814E+01
  3.9745773991E+03 -1.3302696372E+01
  3.9808586904E+03 -1.3306247404E+01
  3.9871238032E+03 -1.3309781128E+01
  3.9933726069E+03 -1.3313296662E+01
  3.9996049570E+03 -1.3316795257E+01
  4.0058207441E+03 -1.3320275671E+01
  4.0120198369E+03 -1.3323736589E+01
  4.0182020767E+03 -1.3327178239E+01
  4.0243673132E+03 -1.3330600494E+01
  4.0305153917E+03 -1.3334002128E+01
  4.0366461369E+03 -1.3337382562E+01
  4.0427593661E+03 -1.3340743324E+01
  4.0488549213E+03 -1.3344084159E+01
  4.0549326461E+03 -1.3347405371E+01
  4.0609923923E+03 -1.3350706980E+01
  4.0670340095E+03 -1.3353989382E+01
  4.0730573550E+03 -1.3357253522E+01
  4.0790623078E+03 -1.3360499197E+01
  4.0850487445E+03 -1.3363726366E+01
  4.0910165416E+03 -1.3366936175E+01
  4.0969656004E+03 -1.3370127880E+01
  4.1028958116E+03 -1.3373301260E+01
  4.1088070632E+03 -1.3376457453E+01
  4.1146992576E+03 -1.3379595093E+01
  4.1205722787E+03 -1.3382714878E+01
  4.1264260257E+03 -1.3385817124E+01
  4.1322604045E+03 -1.3388901304E+01
  4.1380753135E+03 -1.3391967228E+01
  4.1438706436E+03 -1.3395015500E+01
  4.1496463012E+03 -1.3398044852E+01
  4.1554021708E+03 -1.3401057635E+01
  4.1611381700E+03 -1.3404054868E+01
  4.1668542345E+03 -1.3407034103E+01
  4.1725502554E+03 -1.3409996006E+01
  4.1782261404E+03 -1.3412943362E+01
  4.1838818390E+03 -1.3415877051E+01
  4.1895173123E+03 -1.3418795508E+01
  4.1951324922E+03 -1.3421698158E+01
  4.2007273121E+03 -1.3424588600E+01
  4.2063017690E+03 -1.3427465628E+01
  4.2118558259E+03 -1.3430328497E+01
  4.2173894376E+03 -1.3433177613E+01
  4.2229025815E+03 -1.3436012429E+01
  4.2283952081E+03 -1.3438833733E+01
  4.2338672778E+03 -1.3441641929E+01
  4.2393187797E+03 -1.3444433831E+01
  4.2447496548E+03 -1.3447212277E+01
  4.2501598627E+03 -1.3449977650E+01
  4.2555493867E+03 -1.3452731109E+01
  4.2609182302E+03 -1.3455467676E+01
  4.2662663260E+03 -1.3458190012E+01
  4.2715936245E+03 -1.3460900601E+01
  4.2769001222E+03 -1.3463595573E+01
  4.2821857887E+03 -1.3466278376E+01
  4.2874506111E+03 -1.3468947541E+01
  4.2926945527E+03 -1.3471602923E+01
  4.2979175920E+03 -1.3474242974E+01
  4.3031196875E+03 -1.3476871228E+01
  4.3083008306E+03 -1.3479487898E+01
  4.3134610274E+03 -1.3482088472E+01
  4.3186002360E+03 -1.3484675769E+01
  4.3237184273E+03 -1.3487253951E+01
  4.3288156318E+03 -1.3489817094E+01
  4.3338918339E+03 -1.3492367670E+01
  4.3389470002E+03 -1.3494908013E+01
  4.3439811495E+03 -1.3497435278E+01
  4.3489942925E+03 -1.3499954708E+01
  4.3539864653E+03 -1.3502466531E+01
  4.3589577238E+03 -1.3504964840E+01
  4.3639080528E+03 -1.3507455846E+01
  4.3688375019E+03 -1.3509945490E+01
  4.3737461972E+03 -1.3512425482E+01
  4.3786341831E+03 -1.3514900912E+01
  4.3835015324E+03 -1.3517376992E+01
  4.3883483859E+03 -1.3519847885E+01
  4.3931748405E+03 -1.3522320544E+01
  4.3979810358E+03 -1.3524799030E+01
  4.4027671816E+03 -1.3527278554E+01
  4.4075334223E+03 -1.3529764614E+01
  4.4122799649E+03 -1.3532255178E+01
  4.4170069972E+03 -1.3534759787E+01
  4.4217147789E+03 -1.3537280163E+01
  4.4264036211E+03 -1.3539812282E+01
  4.4310737893E+03 -1.3542365815E+01
  4.4357256156E+03 -1.3544945141E+01
  4.4403594842E+03 -1.3547542729E+01
  4.4449757034E+03 -1.3550169070E+01
  4.4495746834E+03 -1.3552823369E+01
  4.4541568015E+03 -1.3555514191E+01
  4.4587225464E+03 -1.3558238040E+01
  4.4632723529E+03 -1.3561000799E+01
  4.4678066982E+03 -1.3563809589E+01
  4.4723261339E+03 -1.3566660487E+01
  4.4768311681E+03 -1.3569561980E+01
  4.4813223904E+03 -1.3572510684E+01
  4.4858003279E+03 -1.3575512870E+01
  4.4902656060E+03 -1.3578568465E+01
  4.4947188013E+03 -1.3581686618E+01
  4.4991605909E+03 -1.3584861559E+01
  4.5035916071E+03 -1.3588100461E+01
  4.5080125078E+03 -1.3591408363E+01
  4.5124240314E+03 -1.3594782982E+01
  4.5168268829E+03 -1.3598232290E+01
  4.5212218282E+03 -1.3601750282E+01
  4.5256095869E+03 -1.3605347317E+01
  4.5299909697E+03 -1.3609018606E+01
  4.5343667333E+03 -1.3612772068E+01
  4.5387377098E+03 -1.3616607444E+01
  4.5431047642E+03 -1.3620523318E+01
  4.5474687030E+03 -1.3624523526E+01
  4.5518303946E+03 -1.3628604486E+01
  4.5561906735E+03 -1.3632776000E+01
  4.5605504572E+03 -1.3637029548E+01
  4.5649105905E+03 -1.3641367185E+01
  4.5692719605E+03 -1.3645789090E+01
  4.5736354269E+03 -1.3650297397E+01
  4.5780018816E+03 -1.3654884461E+01
  4.5823721875E+03 -1.3659550381E+01
  4.5867471669E+03 -1.3664296673E+01
  4.5911276656E+03 -1.3669117631E+01
  4.5955144780E+03 -1.3674014015E+01
  4.5999084080E+03 -1.3678979630E+01
  4.6043102062E+03 -1.3684011915E+01
  4.6087205966E+03 -1.3689113301E+01
  4.6131403216E+03 -1.3694275843E+01
  4.6175700492E+03 -1.3699499967E+01
  4.6220104351E+03 -1.3704781135E+01
  4.6264621073E+03 -1.3710112668E+01
  4.6309256178E+03 -1.3715496147E+01
  4.6354015226E+03 -1.3720929638E+01
  4.6398903787E+03 -1.3726409312E+01
  4.6443926917E+03 -1.3731933563E+01
  4.6489089691E+03 -1.3737501515E+01
  4.6534396906E+03 -1.3743110591E+01
  4.6579853394E+03 -1.3748755959E+01
  4.6625463295E+03 -1.3754438918E+01
  4.6671230914E+03 -1.3760155914E+01
  4.6717160431E+03 -1.3765905819E+01
  4.6763255669E+03 -1.3771680110E+01
  4.6809519773E+03 -1.3777478963E+01
  4.6855955640E+03 -1.3783298358E+01
  4.6902565721E+03 -1.3789130184E+01
  4.6949351847E+03 -1.3794967458E+01
  4.6996314861E+03 -1.3800803549E+01
  4.7043454870E+03 -1.3806632982E+01
  4.7090771452E+03 -1.3812445924E+01
  4.7138262975E+03 -1.3818230977E+01
  4.7185926760E+03 -1.3823977487E+01
  4.7233758874E+03 -1.3829678737E+01
  4.7281754984E+03 -1.3835330683E+01
  4.7329910227E+03 -1.3840925327E+01
  4.7378219351E+03 -1.3846461887E+01
  4.7426677295E+03 -1.3851948030E+01
  4.7475279921E+03 -1.3857386512E+01
  4.7524024318E+03 -1.3862791633E+01
  4.7572909093E+03 -1.3868179604E+01
  4.7621935077E+03 -1.3873570382E+01
  4.7671105811E+03 -1.3878989411E+01
  4.7720427614E+03 -1.3884460113E+01
  4.7769909853E+03 -1.3890012544E+01
  4.7819565197E+03 -1.3895681440E+01
  4.7869410097E+03 -1.3901498318E+01
  4.7919465171E+03 -1.3907502327E+01
  4.7969755245E+03 -1.3913739691E+01
  4.8020310468E+03 -1.3920256101E+01
  4.8071166632E+03 -1.3927106690E+01
  4.8122366053E+03 -1.3934355959E+01
  4.8173958831E+03 -1.3942075810E+01
  4.8226004331E+03 -1.3950357389E+01
  4.8278573446E+03 -1.3959300578E+01
  4.8331750562E+03 -1.3969024510E+01
  4.8385636448E+03 -1.3979672586E+01
  4.8440352188E+03 -1.3991416315E+01
  4.8496044398E+03 -1.4004450622E+01
  4.8552890235E+03 -1.4019002901E+01
  4.8611103931E+03 -1.4035331588E+01
  4.8670944921E+03 -1.4053710432E+01
  4.8732724514E+03 -1.4074432251E+01
  4.8796814508E+03 -1.4097783937E+01
  4.8863654390E+03 -1.4124025637E+01
  4.8933759492E+03 -1.4153483687E+01
  4.9007747687E+03 -1.4186733549E+01
  4.9086420147E+03 -1.4224581487E+01
  4.9170865074E+03 -1.4268058007E+01
  4.9262581089E+03 -1.4318809617E+01
  4.9363818573E+03 -1.4380728605E+01
  4.9478529961E+03 -1.4455306233E+01
  4.9612368682E+03 -1.4534773950E+01
  4.9772918024E+03 -1.4577247479E+01
  4.9950351273E+03 -1.4589181733E+01
  5.0131428473E+03 -1.4590364148E+01
  5.0310715877E+03 -1.4590288636E+01
  5.0487361074E+03 -1.4591847097E+01
  5.0661976782E+03 -1.4595258285E+01
  5.0835346973E+03 -1.4599881710E+01
  5.1008012560E+03 -1.4605020020E+01
  5.1180224977E+03 -1.4610203245E+01
  5.1352032119E+03 -1.4615210969E+01
  5.1523382192E+03 -1.4619977263E+01
  5.1694190846E+03 -1.4624511088E+01
  5.1864375296E+03 -1.4628849539E+01
  5.2033867709E+03 -1.4633034756E+01
  5.2202617635E+03 -1.4637100426E+01
  5.2370588748E+03 -1.4641075536E+01
  5.2537756765E+03 -1.4644983106E+01
  5.2704106869E+03 -1.4648840400E+01
  5.2869631316E+03 -1.4652660013E+01
  5.3034327207E+03 -1.4656451412E+01
  5.3198195585E+03 -1.4660222458E+01
  5.3361240598E+03 -1.4663975465E+01
  5.3523467079E+03 -1.4667715535E+01
  5.3684881665E+03 -1.4671444734E+01
  5.3845491561E+03 -1.4675164049E+01
  5.4005304486E+03 -1.4678873358E+01
  5.4164327829E+03 -1.4682571418E+01
  5.4322568396E+03 -1.4686261579E+01
  5.4480034022E+03 -1.4689941794E+01
  5.4636731585E+03 -1.4693610022E+01
  5.4792667222E+03 -1.4697267043E+01
  5.4947847168E+03 -1.4700913334E+01
  5.5102277712E+03 -1.4704547464E+01
  5.5255964451E+03 -1.4708167087E+01
  5.5408912045E+03 -1.4711772286E+01
  5.5561125000E+03 -1.4715363480E+01
  5.5712607967E+03 -1.4718940073E+01
  5.5863365277E+03 -1.4722501114E+01
  5.6013400886E+03 -1.4726046812E+01
  5.6162718831E+03 -1.4729575663E+01
  5.6311322235E+03 -1.4733086677E+01
  5.6459213950E+03 -1.4736579147E+01
  5.6606396708E+03 -1.4740053552E+01
  5.6752873166E+03 -1.4743510899E+01
  5.6898646272E+03 -1.4746948892E+01
  5.7043718291E+03 -1.4750366637E+01
  5.7188091034E+03 -1.4753765402E+01
  5.7331766473E+03 -1.4757144575E+01
  5.7474746608E+03 -1.4760502277E+01
  5.7617032777E+03 -1.4763842307E+01
  5.7758627586E+03 -1.4767161102E+01
  5.7899532192E+03 -1.4770457639E+01
  5.8039747441E+03 -1.4773735556E+01
  5.8179275660E+03 -1.4776993645E+01
  5.8318118400E+03 -1.4780230511E+01
  5.8456276916E+03 -1.4783444427E+01
  5.8593751803E+03 -1.4786638664E+01
  5.8730544582E+03 -1.4789814143E+01
  5.8866657249E+03 -1.4792970178E+01
  5.9002091466E+03 -1.4796106944E+01
  5.9136848942E+03 -1.4799224244E+01
  5.9270931295E+03 -1.4802322242E+01
  5.9404340156E+03 -1.4805401232E+01
  5.9537077223E+03 -1.4808461467E+01
  5.9669144248E+03 -1.4811503222E+01
  5.9800543042E+03 -1.4814526812E+01
  5.9931275485E+03 -1.4817532592E+01
  6.0061343535E+03 -1.4820520946E+01
  6.0190749237E+03 -1.4823492284E+01
  6.0319494731E+03 -1.4826447044E+01
  6.0447582254E+03 -1.4829385688E+01
  6.0575014147E+03 -1.4832308694E+01
  6.0701792859E+03 -1.4835216555E+01
  6.0827920950E+03 -1.4838109778E+01
  6.0953401090E+03 -1.4840988876E+01
  6.1078236057E+03 -1.4843854368E+01
  6.1202428744E+03 -1.4846706782E+01
  6.1325982150E+03 -1.4849546649E+01
  6.1448899386E+03 -1.4852374507E+01
  6.1571183667E+03 -1.4855190900E+01
  6.1692838318E+03 -1.4857996375E+01
  6.1813866770E+03 -1.4860791480E+01
  6.1934272555E+03 -1.4863576767E+01
  6.2054059308E+03 -1.4866352788E+01
  6.2173230766E+03 -1.4869120095E+01
  6.2291790761E+03 -1.4871879237E+01
  6.2409743219E+03 -1.4874630762E+01
  6.2527092160E+03 -1.4877375212E+01
  6.2643841690E+03 -1.4880113124E+01
  6.2759996002E+03 -1.4882845027E+01
  6.2875559367E+03 -1.4885571443E+01
  6.2990536133E+03 -1.4888292883E+01
  6.3104930722E+03 -1.4891009851E+01
  6.3218747623E+03 -1.4893722840E+01
  6.3331991387E+03 -1.4896432331E+01
  6.3444666628E+03 -1.4899138796E+01
  6.3556778010E+03 -1.4901842691E+01
  6.3668330253E+03 -1.4904544461E+01
  6.3779328117E+03 -1.4907244537E+01
  6.3889776408E+03 -1.4909943335E+01
  6.3999679963E+03 -1.4912641256E+01
  6.4109043654E+03 -1.4915338686E+01
  6.4217872379E+03 -1.4918035993E+01
  6.4326171056E+03 -1.4920733532E+01
  6.4433944622E+03 -1.4923431640E+01
  6.4541198028E+03 -1.4926130641E+01
  6.4647936230E+03 -1.4928830840E+01
  6.4754164192E+03 -1.4931532530E+01
  6.4859886875E+03 -1.4934235984E+01
  6.4965109240E+03 -1.4936941463E+01
  6.5069836237E+03 -1.4939649209E+01
  6.5174072806E+03 -1.4942359450E+01
  6.5277823872E+03 -1.4945072400E+01
  6.5381094341E+03 -1.4947788254E+01
  6.5483889097E+03 -1.4950507199E+01
  6.5586213000E+03 -1.4953229403E+01
  6.5688070882E+03 -1.4955955024E+01
  6.5789467543E+03 -1.4958684209E+01
  6.5890407754E+03 -1.4961417091E+01
  6.5990896247E+03 -1.4964153784E+01
  6.6090937717E+03 -1.4966894381E+01
  6.6190536815E+03 -1.4969638929E+01
  6.6289698135E+03 -1.4972387392E+01
  6.6388426196E+03 -1.4975139578E+01
  6.6486725400E+03 -1.4977895033E+01
  6.6584599975E+03 -1.4980652874E+01
  6.6682053869E+03 -1.4983411596E+01
  6.6779090610E+03 -1.4986168863E+01
  6.6875713129E+03 -1.4988921372E+01
  6.6971923560E+03 -1.4991664847E+01
  6.7067723058E+03 -1.4994394259E+01
  6.7163111687E+03 -1.4997104282E+01
  6.7258088423E+03 -1.4999789928E+01
  6.7352651297E+03 -1.5002447213E+01
  6.7446797681E+03 -1.5005073653E+01
  6.7540524649E+03 -1.5007668419E+01
  6.7633829335E+03 -1.5010232063E+01
  6.7726709205E+03 -1.5012765894E+01
  6.7819162154E+03 -1.5015271177E+01
  6.7911186426E+03 -1.5017748429E+01
  6.8002780386E+03 -1.5020197053E+01
  6.8093942223E+03 -1.5022615489E+01
  6.8184669698E+03 -1.5025001956E+01
  6.8274960057E+03 -1.5027355713E+01
  6.8364810212E+03 -1.5029678641E+01
  6.8454217239E+03 -1.5031976790E+01
  6.8543179195E+03 -1.5034261487E+01
  6.8631696165E+03 -1.5036549602E+01
  6.8719771368E+03 -1.5038862720E+01
  6.8807412107E+03 -1.5041225219E+01
  6.8894630361E+03 -1.5043661515E+01
  6.8981442834E+03 -1.5046192995E+01
  6.9067870408E+03 -1.5048835188E+01
  6.9153937037E+03 -1.5051595764E+01
  6.9239668239E+03 -1.5054473693E+01
  6.9325089402E+03 -1.5057459709E+01
  6.9410224166E+03 -1.5060537913E+01
  6.9495093093E+03 -1.5063688154E+01
  6.9579712794E+03 -1.5066888683E+01
  6.9664095562E+03 -1.5070118616E+01
  6.9748249498E+03 -1.5073359816E+01
  6.9832179019E+03 -1.5076598010E+01
  6.9915885594E+03 -1.5079823103E+01
  6.9999368571E+03 -1.5083028852E+01
  7.0082625947E+03 -1.5086212089E+01
  7.0165655003E+03 -1.5089371769E+01
  7.0248452756E+03 -1.5092508054E+01
  7.0331016234E+03 -1.5095621594E+01
  7.0413342603E+03 -1.5098713076E+01
  7.0495429194E+03 -1.5101783075E+01
  7.0577273491E+03 -1.5104832130E+01
  7.0658873120E+03 -1.5107860986E+01
  7.0740225868E+03 -1.5110870870E+01
  7.0821329754E+03 -1.5113863695E+01
  7.0902183135E+03 -1.5116842097E+01
  7.0982784830E+03 -1.5119809266E+01
  7.1063134220E+03 -1.5122768603E+01
  7.1143231295E+03 -1.5125723298E+01
  7.1223076629E+03 -1.5128675934E+01
  7.1302671290E+03 -1.5131628254E+01
  7.1382016689E+03 -1.5134581125E+01
  7.1461114428E+03 -1.5137534720E+01
  7.1539966165E+03 -1.5140488849E+01
  7.1618573534E+03 -1.5143443335E+01
  7.1696938128E+03 -1.5146398324E+01
  7.1775061542E+03 -1.5149354439E+01
  7.1852945454E+03 -1.5152312741E+01
  7.1930591694E+03 -1.5155274488E+01
  7.2008002290E+03 -1.5158240783E+01
  7.2085179453E+03 -1.5161212191E+01
  7.2162125489E+03 -1.5164188460E+01
  7.2238842668E+03 -1.5167168419E+01
  7.2315333060E+03 -1.5170150108E+01
  7.2391598398E+03 -1.5173131111E+01
  7.2467639979E+03 -1.5176109004E+01
  7.2543458659E+03 -1.5179081806E+01
  7.2619054914E+03 -1.5182048331E+01
  7.2694428977E+03 -1.5185008351E+01
  7.2769581007E+03 -1.5187962578E+01
  7.2844511258E+03 -1.5190912485E+01
  7.2919220222E+03 -1.5193860029E+01
  7.2993708724E+03 -1.5196807360E+01
  7.3067977956E+03 -1.5199756543E+01
  7.3142029472E+03 -1.5202709333E+01
  7.3215865125E+03 -1.5205667004E+01
  7.3289486983E+03 -1.5208630227E+01
  7.3362897222E+03 -1.5211598995E+01
  7.3436098007E+03 -1.5214572604E+01
  7.3509091372E+03 -1.5217549683E+01
  7.3581879111E+03 -1.5220528307E+01
  7.3654462685E+03 -1.5223506177E+01
  7.3726843169E+03 -1.5226480880E+01
  7.3799021227E+03 -1.5229450208E+01
  7.3870997155E+03 -1.5232412497E+01
  7.3942770959E+03 -1.5235366942E+01
  7.4014342495E+03 -1.5238313822E+01
  7.4085711642E+03 -1.5241254596E+01
  7.4156878479E+03 -1.5244191822E+01
  7.4227843468E+03 -1.5247128889E+01
  7.4298607586E+03 -1.5250069597E+01
  7.4369172394E+03 -1.5253017632E+01
  7.4439540029E+03 -1.5255976040E+01
  7.4509713111E+03 -1.5258946756E+01
  7.4579694582E+03 -1.5261930298E+01
  7.4649487485E+03 -1.5264925653E+01
  7.4719094730E+03 -1.5267930404E+01
  7.4788518869E+03 -1.5270941060E+01
  7.4857761926E+03 -1.5273953537E+01
  7.4926825287E+03 -1.5276963712E+01
  7.4995709686E+03 -1.5279967964E+01
  7.5064415266E+03 -1.5282963626E+01
  7.5132941719E+03 -1.5285949283E+01
  7.5201288468E+03 -1.5288924853E+01
  7.5269454878E+03 -1.5291891473E+01
  7.5337440447E+03 -1.5294851207E+01
  7.5405244958E+03 -1.5297806639E+01
  7.5472868574E+03 -1.5300760414E+01
  7.5540311866E+03 -1.5303714794E+01
  7.5607575763E+03 -1.5306671333E+01
  7.5674661460E+03 -1.5309630678E+01
  7.5741570283E+03 -1.5312592539E+01
  7.5808303546E+03 -1.5315555838E+01
  7.5874862425E+03 -1.5318518988E+01
  7.5941247868E+03 -1.5321480188E+01
  7.6007460552E+03 -1.5324437743E+01
  7.6073500884E+03 -1.5327390382E+01
  7.6139369055E+03 -1.5330337350E+01
  7.6205065113E+03 -1.5333278378E+01
  7.6270589039E+03 -1.5336213597E+01
  7.6335940809E+03 -1.5339143345E+01
  7.6401120441E+03 -1.5342068066E+01
  7.6466128008E+03 -1.5344988063E+01
  7.6530963639E+03 -1.5347903307E+01
  7.6595627473E+03 -1.5350813586E+01
  7.6660119632E+03 -1.5353718672E+01
  7.6724440212E+03 -1.5356618484E+01
  7.6788589297E+03 -1.5359513216E+01
  7.6852566998E+03 -1.5362403470E+01
  7.6916373502E+03 -1.5365290411E+01
  7.6980009147E+03 -1.5368175678E+01
  7.7043474486E+03 -1.5371061268E+01
  7.7106770345E+03 -1.5373949316E+01
  7.7169897845E+03 -1.5376841865E+01
  7.7232858390E+03 -1.5379740579E+01
  7.7295653624E+03 -1.5382646283E+01
  7.7358285329E+03 -1.5385558902E+01
  7.7420755289E+03 -1.5388477677E+01
  7.7483065186E+03 -1.5391401139E+01
  7.7545216503E+03 -1.5394327285E+01
  7.7607210444E+03 -1.5397253653E+01
  7.7669047872E+03 -1.5400177464E+01
  7.7730729258E+03 -1.5403096330E+01
  7.7792254708E+03 -1.5406008226E+01
  7.7853624030E+03 -1.5408911177E+01
  7.7914836760E+03 -1.5411803917E+01
  7.7975892226E+03 -1.5414686014E+01
  7.8036789678E+03 -1.5417557521E+01
  7.8097528371E+03 -1.5420418973E+01
  7.8158107630E+03 -1.5423271311E+01
  7.8218526913E+03 -1.5426115714E+01
  7.8278785852E+03 -1.5428953442E+01
  7.8338884269E+03 -1.5431786018E+01
  7.8398822193E+03 -1.5434615600E+01
  7.8458599925E+03 -1.5437444491E+01
  7.8518218082E+03 -1.5440274489E+01
  7.8577677542E+03 -1.5443107464E+01
  7.8636979417E+03 -1.5445945982E+01
  7.8696125108E+03 -1.5448792460E+01
  7.8755116325E+03 -1.5451647937E+01
  7.8813954944E+03 -1.5454511693E+01
  7.8872642780E+03 -1.5457382051E+01
  7.8931181422E+03 -1.5460257228E+01
  7.8989572192E+03 -1.5463135274E+01
  7.9047816134E+03 -1.5466013479E+01
  7.9105913961E+03 -1.5468887986E+01
  7.9163865927E+03 -1.5471753840E+01
  7.9221671692E+03 -1.5474605995E+01
  7.9279330271E+03 -1.5477439812E+01
  7.9336840093E+03 -1.5480251758E+01
  7.9394199120E+03 -1.5483039975E+01
  7.9451405042E+03 -1.5485804119E+01
  7.9508455491E+03 -1.5488545363E+01
  7.9565348219E+03 -1.5491266766E+01
  7.9622081345E+03 -1.5493972554E+01
  7.9678653505E+03 -1.5496666281E+01
  7.9735063872E+03 -1.5499352256E+01
  7.9791312128E+03 -1.5502037168E+01
  7.9847398647E+03 -1.5504725015E+01
  7.9903324484E+03 -1.5507416373E+01
  7.9959090870E+03 -1.5510114849E+01
  8.0014699255E+03 -1.5512825817E+01
  8.0070151674E+03 -1.5515552086E+01
  8.0125450598E+03 -1.5518292211E+01
  8.0180598481E+03 -1.5521041978E+01
  8.0235597318E+03 -1.5523796066E+01
  8.0290448503E+03 -1.5526548621E+01
  8.0345152719E+03 -1.5529295683E+01
  8.0399710081E+03 -1.5532036269E+01
  8.0454120421E+03 -1.5534769225E+01
  8.0508383457E+03 -1.5537488842E+01
  8.0562498526E+03 -1.5540190167E+01
  8.0616464260E+03 -1.5542874610E+01
  8.0670279185E+03 -1.5545545960E+01
  8.0723942245E+03 -1.5548207902E+01
  8.0777452836E+03 -1.5550860641E+01
  8.0830810638E+03 -1.5553500934E+01
  8.0884015132E+03 -1.5556127845E+01
  8.0937065585E+03 -1.5558746014E+01
  8.0989961575E+03 -1.5561364322E+01
  8.1042703531E+03 -1.5563989584E+01
  8.1095292694E+03 -1.5566620132E+01
  8.1147730556E+03 -1.5569252075E+01
  8.1200018227E+03 -1.5571894067E+01
  8.1252157007E+03 -1.5574557721E+01
  8.1304149489E+03 -1.5577238968E+01
  8.1355998615E+03 -1.5579925407E+01
  8.1407706119E+03 -1.5582611041E+01
  8.1459272643E+03 -1.5585294607E+01
  8.1510698507E+03 -1.5587968778E+01
  8.1561983656E+03 -1.5590624125E+01
  8.1613127167E+03 -1.5593268491E+01
  8.1664128054E+03 -1.5595925553E+01
  8.1714987187E+03 -1.5598603971E+01
  8.1765707290E+03 -1.5601285451E+01
  8.1816290465E+03 -1.5603952965E+01
  8.1866736690E+03 -1.5606616266E+01
  8.1917045580E+03 -1.5609299885E+01
  8.1967218815E+03 -1.5612012200E+01
  8.2017259859E+03 -1.5614734429E+01
  8.2067171404E+03 -1.5617437515E+01
  8.2116953335E+03 -1.5620106657E+01
  8.2166603294E+03 -1.5622749452E+01
  8.2216118713E+03 -1.5625390402E+01
  8.2265498995E+03 -1.5628055492E+01
  8.2314746225E+03 -1.5630764052E+01
  8.2363864719E+03 -1.5633524755E+01
  8.2412860349E+03 -1.5636335164E+01
  8.2461738925E+03 -1.5639187794E+01
  8.2510505401E+03 -1.5642067083E+01
  8.2559163538E+03 -1.5644952305E+01
  8.2607715487E+03 -1.5647829132E+01
  8.2656160995E+03 -1.5650684427E+01
  8.2704498187E+03 -1.5653489759E+01
  8.2752723998E+03 -1.5656236234E+01
  8.2800833083E+03 -1.5658957516E+01
  8.2848820595E+03 -1.5661662432E+01
  8.2896685084E+03 -1.5664291051E+01
  8.2944423917E+03 -1.5666810705E+01
  8.2992028296E+03 -1.5669274086E+01
  8.3039490167E+03 -1.5671742577E+01
  8.3086808535E+03 -1.5674261360E+01
  8.3133987098E+03 -1.5676865600E+01
  8.3181034010E+03 -1.5679552493E+01
  8.3227958457E+03 -1.5682286816E+01
  8.3274767715E+03 -1.5685033563E+01
  8.3321466115E+03 -1.5687837369E+01
  8.3368056533E+03 -1.5690791320E+01
  8.3414548429E+03 -1.5693891912E+01
  8.3460956789E+03 -1.5696997226E+01
  8.3507290130E+03 -1.5699943004E+01
  8.3553541223E+03 -1.5702680679E+01
  8.3599692418E+03 -1.5705302336E+01
  8.3645729039E+03 -1.5707984662E+01
  8.3691647070E+03 -1.5710834048E+01
  8.3737458230E+03 -1.5713757130E+01
  8.3783177865E+03 -1.5716600604E+01
  8.3828805431E+03 -1.5719304498E+01
  8.3874331596E+03 -1.5721889004E+01
  8.3919747885E+03 -1.5724533227E+01
  8.3965050102E+03 -1.5727493227E+01
  8.4010255211E+03 -1.5730798724E+01
  8.4055397236E+03 -1.5734317767E+01
  8.4100500185E+03 -1.5737867540E+01
  8.4145577849E+03 -1.5741253482E+01
  8.4190625359E+03 -1.5744455740E+01
  8.4235623230E+03 -1.5747549561E+01
  8.4280557226E+03 -1.5750602519E+01
  8.4325422874E+03 -1.5753710713E+01
  8.4370220357E+03 -1.5756947543E+01
  8.4414960997E+03 -1.5760252105E+01
  8.4459655274E+03 -1.5763579435E+01
  8.4504301823E+03 -1.5766878654E+01
  8.4548907813E+03 -1.5770141159E+01
  8.4593470716E+03 -1.5773603046E+01
  8.4637991180E+03 -1.5777280436E+01
  8.4682488580E+03 -1.5780824060E+01
  8.4726969826E+03 -1.5783910321E+01
  8.4771417957E+03 -1.5786672447E+01
  8.4815790782E+03 -1.5789645197E+01
  8.4860076921E+03 -1.5792982228E+01
  8.4904306324E+03 -1.5796500407E+01
  8.4948506620E+03 -1.5800000457E+01
  8.4992694830E+03 -1.5803517352E+01
  8.5036864699E+03 -1.5807277029E+01
  8.5081010577E+03 -1.5811065287E+01
  8.5125162290E+03 -1.5814364447E+01
  8.5169311531E+03 -1.5817362525E+01
  8.5213399784E+03 -1.5820500799E+01
  8.5257416422E+03 -1.5823642770E+01
  8.5301409419E+03 -1.5826848619E+01
  8.5345406255E+03 -1.5830968801E+01
  8.5389449346E+03 -1.5836263768E+01
  8.5433640885E+03 -1.5841916687E+01
  8.5478053020E+03 -1.5847361415E+01
  8.5522648146E+03 -1.5852887908E+01
  8.5567372213E+03 -1.5858113001E+01
  8.5612269059E+03 -1.5862479674E+01
  8.5657334803E+03 -1.5867002259E+01
  8.5702441217E+03 -1.5871504975E+01
  8.5747459843E+03 -1.5874244041E+01
  8.5792491558E+03 -1.5876821138E+01
  8.5837702278E+03 -1.5880324101E+01
  8.5882607093E+03 -1.5882060018E+01
  8.5927121351E+03 -1.5887970002E+01
  8.5972474603E+03 -1.5895682165E+01
  8.6017736248E+03 -1.5892371905E+01
  8.6062709114E+03 -1.5902757728E+01
  8.6109214010E+03 -1.5909630865E+01
  8.6154223196E+03 -1.5916815544E+01
  8.6202593698E+03 -1.5939458044E+01
  8.6250096748E+03 -1.5929743120E+01
  8.6299363965E+03 -1.5968780692E+01
  8.6351124756E+03 -1.5949724474E+01
  8.6400991524E+03 -1.6012013032E+01
  8.6462215269E+03 -1.6004324719E+01
  8.6512821533E+03 -1.6057035112E+01
  8.6591150791E+03 -1.6127050996E+01
  8.6657066176E+03 -1.6299099380E+01
  8.6749183740E+03 -1.6294956626E+01
  8.6842556460E+03 -1.6265000856E+01
  8.6929170725E+03 -1.6224617243E+01
  8.7008078875E+03 -1.6186946380E+01
  8.7082062704E+03 -1.6178492777E+01
  8.7153918887E+03 -1.6155291365E+01
  8.7220399138E+03 -1.6125248529E+01
  8.7284192845E+03 -1.6115414946E+01
  8.7344365322E+03 -1.6086737390E+01
  8.7401869088E+03 -1.6077302745E+01
  8.7456821562E+03 -1.6055987429E+01
  8.7509466407E+03 -1.6046178817E+01
  8.7560339437E+03 -1.6030612394E+01
  8.7609228269E+03 -1.6021073921E+01
  8.7657017841E+03 -1.6009485772E+01
  8.7702906400E+03 -1.6003348183E+01
  8.7748405938E+03 -1.5994598343E+01
  8.7792204543E+03 -1.5993077423E+01
  8.7836108343E+03 -1.5988037680E+01
  8.7878667255E+03 -1.5991792500E+01
  8.7921709101E+03 -1.5990634824E+01
  8.7963842485E+03 -1.5998709532E+01
  8.8006696804E+03 -1.5999497517E+01
  8.8049092916E+03 -1.6009429799E+01
  8.8092078013E+03 -1.6010944441E+01
  8.8135170392E+03 -1.6019990198E+01
  8.8178267466E+03 -1.6023991447E+01
  8.8222208690E+03 -1.6029490819E+01
  8.8265527895E+03 -1.6038415837E+01
  8.8310064504E+03 -1.6040130298E+01
  8.8354212485E+03 -1.6051556122E+01
  8.8398810407E+03 -1.6055472295E+01
  8.8444288053E+03 -1.6061750238E+01
  8.8489165753E+03 -1.6073434336E+01
  8.8535293902E+03 -1.6075516678E+01
  8.8581665154E+03 -1.6086013900E+01
  8.8627810957E+03 -1.6096763413E+01
  8.8675478436E+03 -1.6099197337E+01
  8.8723152178E+03 -1.6111773633E+01
  8.8770869182E+03 -1.6123222690E+01
  8.8820283775E+03 -1.6126162078E+01
  8.8869892717E+03 -1.6138857067E+01
  8.8919522462E+03 -1.6153203347E+01
  8.8971028526E+03 -1.6157323064E+01
  8.9023389695E+03 -1.6168036328E+01
  8.9075597983E+03 -1.6186259040E+01
  8.9129577999E+03 -1.6194838750E+01
  8.9185535766E+03 -1.6202598087E+01
  8.9241591724E+03 -1.6222820742E+01
  8.9298870834E+03 -1.6239678523E+01
  8.9359078397E+03 -1.6247850692E+01
  8.9420906699E+03 -1.6266332671E+01
  8.9483460901E+03 -1.6292084180E+01
  8.9549015731E+03 -1.6307184697E+01
  8.9618340648E+03 -1.6321874720E+01
  8.9689558617E+03 -1.6352340210E+01
  8.9763272826E+03 -1.6380382183E+01
  8.9841686333E+03 -1.6395874018E+01
  8.9925060226E+03 -1.6421558519E+01
  9.0011990144E+03 -1.6461063890E+01
  9.0103720305E+03 -1.6490784888E+01
  9.0201773427E+03 -1.6510630467E+01
  9.0307823766E+03 -1.6550766243E+01
  9.0421608444E+03 -1.6597843293E+01
  9.0543164651E+03 -1.6630850458E+01
  9.0673742273E+03 -1.6666960546E+01
  9.0822996308E+03 -1.6733290983E+01
  9.0990669383E+03 -1.6783509239E+01
  9.1166056964E+03 -1.6827118330E+01
  9.1370330267E+03 -1.6922420641E+01
  9.1633382680E+03 -1.6980492113E+01
  9.1893280507E+03 -1.7043873380E+01
  9.2216319031E+03 -1.7175567282E+01
  9.2663622034E+03 -1.7281055799E+01
  9.3167999914E+03 -1.7389359877E+01
  9.3823943916E+03 -1.7568551600E+01
