  0.0000000000E+00 -1.2595092518E+01
  3.0579108216E+02 -1.2103424848E+01
  3.3104549338E+02 -1.1680859044E+01
  3.4545274853E+02 -1.1523988067E+01
  3.5515389379E+02 -1.1454489769E+01
  3.6288542941E+02 -1.1426943467E+01
  3.6986380875E+02 -1.1409652970E+01
  3.7657488581E+02 -1.1394034832E+01
  3.8306476947E+02 -1.1379248449E+01
  3.8934136510E+02 -1.1364998498E+01
  3.9543412267E+02 -1.1350968087E+01
  4.0137892879E+02 -1.1337610089E+01
  4.0721325018E+02 -1.1325216603E+01
  4.1296553327E+02 -1.1314064350E+01
  4.1865360845E+02 -1.1303759051E+01
  4.2428171763E+02 -1.1294196372E+01
  4.2986117187E+02 -1.1285483647E+01
  4.3541235144E+02 -1.1278171780E+01
  4.4095524987E+02 -1.1272134848E+01
  4.4649970691E+02 -1.1267392538E+01
  4.5205684183E+02 -1.1263845009E+01
  4.5763111340E+02 -1.1261165207E+01
  4.6323036789E+02 -1.1259402154E+01
  4.6886034037E+02 -1.1258342476E+01
  4.7452538816E+02 -1.1258151549E+01
  4.8023738284E+02 -1.1258895484E+01
  4.8600156621E+02 -1.1260315462E+01
  4.9182748567E+02 -1.1262587915E+01
  4.9772307634E+02 -1.1265569492E+01
  5.0369447046E+02 -1.1269532467E+01
  5.0975632311E+02 -1.1274631685E+01
  5.1591774514E+02 -1.1280574782E+01
  5.2219204215E+02 -1.1287587562E+01
  5.2859571864E+02 -1.1295868176E+01
  5.3514017286E+02 -1.1305095423E+01
  5.4183993333E+02 -1.1315479999E+01
  5.4871230977E+02 -1.1327181006E+01
  5.5577017933E+02 -1.1339727000E+01
  5.6302641395E+02 -1.1353183142E+01
  5.7049520573E+02 -1.1367567551E+01
  5.7818767138E+02 -1.1382231231E+01
  5.8611217767E+02 -1.1397112955E+01
  5.9427876736E+02 -1.1412038871E+01
  6.0269551095E+02 -1.1426153793E+01
  6.1136152632E+02 -1.1439266402E+01
  6.2027165206E+02 -1.1451066575E+01
  6.2941278075E+02 -1.1461387775E+01
  6.3876348443E+02 -1.1469993962E+01
  6.4829187678E+02 -1.1477427358E+01
  6.5797610291E+02 -1.1484000849E+01
  6.6779891219E+02 -1.1489413342E+01
  6.7773901762E+02 -1.1494127897E+01
  6.8778547252E+02 -1.1498473064E+01
  6.9793388850E+02 -1.1502735995E+01
  7.0818453515E+02 -1.1506724874E+01
  7.1853148332E+02 -1.1511011704E+01
  7.2898018258E+02 -1.1515802427E+01
  7.3953877021E+02 -1.1521047493E+01
  7.5021753728E+02 -1.1526869275E+01
  7.6102883558E+02 -1.1532685414E+01
  7.7196917407E+02 -1.1538945427E+01
  7.8304644150E+02 -1.1545639286E+01
  7.9427674417E+02 -1.1552730092E+01
  8.0568281596E+02 -1.1558916004E+01
  8.1723217824E+02 -1.1565198257E+01
  8.2891242235E+02 -1.1570831468E+01
  8.4071144129E+02 -1.1575129667E+01
  8.5259001327E+02 -1.1578134953E+01
  8.6455247975E+02 -1.1577173673E+01
  8.7649261020E+02 -1.1574491069E+01
  8.8833419232E+02 -1.1570645860E+01
  9.0010552692E+02 -1.1566343581E+01
  9.1182722762E+02 -1.1561693025E+01
  9.2349726329E+02 -1.1558068969E+01
  9.3517146270E+02 -1.1552405860E+01
  9.4675799687E+02 -1.1549263255E+01
  9.5818890444E+02 -1.1548404048E+01
  9.6963503845E+02 -1.1549081354E+01
  9.8115410720E+02 -1.1551543197E+01
  9.9279726408E+02 -1.1556404381E+01
  1.0047250134E+03 -1.1561043808E+01
  1.0168914967E+03 -1.1572496101E+01
  1.0292294124E+03 -1.1588988826E+01
  1.0419912118E+03 -1.1608633365E+01
  1.0552153145E+03 -1.1627311513E+01
  1.0688293782E+03 -1.1640605585E+01
  1.0827316571E+03 -1.1647434810E+01
  1.0970114619E+03 -1.1642600141E+01
  1.1114024441E+03 -1.1638052710E+01
  1.1256901205E+03 -1.1634488575E+01
  1.1400291481E+03 -1.1631123472E+01
  1.1543983887E+03 -1.1630975806E+01
  1.1689048515E+03 -1.1632340127E+01
  1.1835626681E+03 -1.1627159366E+01
  1.1980926786E+03 -1.1608688199E+01
  1.2118824003E+03 -1.1571653555E+01
  1.2246972025E+03 -1.1557404141E+01
  1.2377571390E+03 -1.1542406797E+01
  1.2509133413E+03 -1.1523228327E+01
  1.2638743816E+03 -1.1506852603E+01
  1.2763756370E+03 -1.1499588735E+01
  1.2886717621E+03 -1.1510177611E+01
  1.3011066815E+03 -1.1505116543E+01
  1.3128319046E+03 -1.1520554653E+01
  1.3245751778E+03 -1.1555223010E+01
  1.3368023915E+03 -1.1616985605E+01
  1.3501589977E+03 -1.1723904786E+01
  1.3658637513E+03 -1.1921316976E+01
  1.3869013010E+03 -1.2545267605E+01
  1.4648943720E+03 -1.2531033081E+01
  1.5391489875E+03 -1.2471443594E+01
  1.5987470379E+03 -1.2440628454E+01
  1.6504349560E+03 -1.2439560877E+01
  1.6986060412E+03 -1.2456073577E+01
  1.7455548384E+03 -1.2482746210E+01
  1.7924711737E+03 -1.2511832801E+01
  1.8396841903E+03 -1.2535561609E+01
  1.8867508036E+03 -1.2551976284E+01
  1.9329814583E+03 -1.2561832799E+01
  1.9778490043E+03 -1.2569052358E+01
  2.0211820881E+03 -1.2574497653E+01
  2.0629728097E+03 -1.2578822906E+01
  2.1032441259E+03 -1.2582433969E+01
  2.1420598920E+03 -1.2585079383E+01
  2.1794715358E+03 -1.2587246181E+01
  2.2155974846E+03 -1.2589665067E+01
  2.2505595775E+03 -1.2589630482E+01
  2.2841817788E+03 -1.2590430113E+01
  2.3166497821E+03 -1.2591204088E+01
  2.3480535923E+03 -1.2591839725E+01
  2.3784606143E+03 -1.2592529728E+01
  2.4079380108E+03 -1.2593408730E+01
  2.4365498849E+03 -1.2594385377E+01
  2.4643509638E+03 -1.2595276098E+01
  2.4913866388E+03 -1.2596043724E+01
  2.5176981237E+03 -1.2596873879E+01
  2.5433295396E+03 -1.2597996332E+01
  2.5683279639E+03 -1.2599472953E+01
  2.5927377395E+03 -1.2601161602E+01
  2.6165958258E+03 -1.2602800676E+01
  2.6399281173E+03 -1.2604258931E+01
  2.6627542591E+03 -1.2605561851E+01
  2.6850911021E+03 -1.2606828832E+01
  2.7069561459E+03 -1.2608185193E+01
  2.7283710717E+03 -1.2609747408E+01
  2.7493612348E+03 -1.2611094204E+01
  2.7699300913E+03 -1.2612594817E+01
  2.7901038178E+03 -1.2614167156E+01
  2.8099001050E+03 -1.2615728207E+01
  2.8293299884E+03 -1.2617211969E+01
  2.8484017003E+03 -1.2618566158E+01
  2.8671233862E+03 -1.2619765425E+01
  2.8855033388E+03 -1.2620831702E+01
  2.9035494779E+03 -1.2621824915E+01
  2.9212695212E+03 -1.2622818316E+01
  2.9386717998E+03 -1.2623852307E+01
  2.9557651871E+03 -1.2624911513E+01
  2.9725583132E+03 -1.2625926808E+01
  2.9890582163E+03 -1.2626815052E+01
  3.0052700306E+03 -1.2627531008E+01
  3.0211979453E+03 -1.2628086984E+01
  3.0368462241E+03 -1.2628541923E+01
  3.0522189078E+03 -1.2628848741E+01
  3.0673132088E+03 -1.2629052151E+01
  3.0821223304E+03 -1.2629142414E+01
  3.0966391322E+03 -1.2629141452E+01
  3.1108667594E+03 -1.2629078209E+01
  3.1248169592E+03 -1.2628933540E+01
  3.1385011979E+03 -1.2628624473E+01
  3.1519247878E+03 -1.2628056562E+01
  3.1650871763E+03 -1.2627195289E+01
  3.1779866706E+03 -1.2626081085E+01
  3.1906249468E+03 -1.2624777831E+01
  3.2030076254E+03 -1.2623308995E+01
  3.2151410861E+03 -1.2621648048E+01
  3.2270289075E+03 -1.2619764491E+01
  3.2386712676E+03 -1.2617664841E+01
  3.2500668006E+03 -1.2615363983E+01
  3.2612147164E+03 -1.2612895362E+01
  3.2721168531E+03 -1.2610240014E+01
  3.2827762269E+03 -1.2607360007E+01
  3.2931964819E+03 -1.2604226795E+01
  3.3033812230E+03 -1.2600840499E+01
  3.3133337152E+03 -1.2597216446E+01
  3.3230567961E+03 -1.2593361501E+01
  3.3325526397E+03 -1.2589279279E+01
  3.3418234174E+03 -1.2584992964E+01
  3.3508722344E+03 -1.2580557959E+01
  3.3597038172E+03 -1.2576045114E+01
  3.3683244455E+03 -1.2571506680E+01
  3.3767412650E+03 -1.2566956173E+01
  3.3849615280E+03 -1.2562393463E+01
  3.3929923693E+03 -1.2557811850E+01
  3.4008404594E+03 -1.2553218286E+01
  3.4085120708E+03 -1.2548633011E+01
  3.4160135214E+03 -1.2544085778E+01
  3.4233517071E+03 -1.2539618487E+01
  3.4305346643E+03 -1.2535285350E+01
  3.4375716882E+03 -1.2531145376E+01
  3.4444727722E+03 -1.2527252803E+01
  3.4512480352E+03 -1.2523649726E+01
  3.4579072788E+03 -1.2520370768E+01
  3.4644600053E+03 -1.2517444246E+01
  3.4709155938E+03 -1.2514913456E+01
  3.4772838128E+03 -1.2512837733E+01
  3.4835747020E+03 -1.2511258202E+01
  3.4897977089E+03 -1.2510215927E+01
  3.4959624953E+03 -1.2509762934E+01
  3.5020789504E+03 -1.2509944706E+01
  3.5081571243E+03 -1.2510784461E+01
  3.5142068357E+03 -1.2512267339E+01
  3.5202367462E+03 -1.2514362843E+01
  3.5262543902E+03 -1.2517027073E+01
  3.5322665388E+03 -1.2520203649E+01
  3.5382791510E+03 -1.2523832919E+01
  3.5442973323E+03 -1.2527856630E+01
  3.5503254941E+03 -1.2532225982E+01
  3.5563676142E+03 -1.2536903378E+01
  3.5624273356E+03 -1.2541861243E+01
  3.5685079796E+03 -1.2547072475E+01
  3.5746124167E+03 -1.2552500916E+01
  3.5807428620E+03 -1.2558104208E+01
  3.5869009760E+03 -1.2563833137E+01
  3.5930876852E+03 -1.2569636950E+01
  3.5993030376E+03 -1.2575470341E+01
  3.6055462559E+03 -1.2581294816E+01
  3.6118158102E+03 -1.2587083743E+01
  3.6181097673E+03 -1.2592824131E+01
  3.6244260744E+03 -1.2598517676E+01
  3.6307628449E+03 -1.2604175042E+01
  3.6371184194E+03 -1.2609809502E+01
  3.6434913534E+03 -1.2615437663E+01
  3.6498806164E+03 -1.2621073105E+01
  3.6562855748E+03 -1.2626722316E+01
  3.6627059574E+03 -1.2632381491E+01
  3.6691416506E+03 -1.2638038507E+01
  3.6755925019E+03 -1.2643676492E+01
  3.6820581767E+03 -1.2649277813E+01
  3.6885381548E+03 -1.2654827082E+01
  3.6950317193E+03 -1.2660312466E+01
  3.7015379360E+03 -1.2665726455E+01
  3.7080557152E+03 -1.2671064446E+01
  3.7145838832E+03 -1.2676325191E+01
  3.7211211254E+03 -1.2681515106E+01
  3.7276660953E+03 -1.2686645699E+01
  3.7342175990E+03 -1.2691727761E+01
  3.7407746742E+03 -1.2696766448E+01
  3.7473365414E+03 -1.2701762333E+01
  3.7539025104E+03 -1.2706712189E+01
  3.7604719118E+03 -1.2711610671E+01
  3.7670439943E+03 -1.2716453824E+01
  3.7736179561E+03 -1.2721239454E+01
  3.7801929725E+03 -1.2725967073E+01
  3.7867681774E+03 -1.2730637082E+01
  3.7933426672E+03 -1.2735252547E+01
  3.7999155366E+03 -1.2739818708E+01
  3.8064859470E+03 -1.2744339739E+01
  3.8130531511E+03 -1.2748817679E+01
  3.8196164491E+03 -1.2753252250E+01
  3.8261751796E+03 -1.2757642411E+01
  3.8327287163E+03 -1.2761986338E+01
  3.8392764215E+03 -1.2766280880E+01
  3.8458176028E+03 -1.2770525350E+01
  3.8523515708E+03 -1.2774720412E+01
  3.8588776510E+03 -1.2778866067E+01
  3.8653951499E+03 -1.2782965474E+01
  3.8719034396E+03 -1.2787021510E+01
  3.8784019153E+03 -1.2791036893E+01
  3.8848900058E+03 -1.2795015002E+01
  3.8913672212E+03 -1.2798957318E+01
  3.8978330918E+03 -1.2802865545E+01
  3.9042872135E+03 -1.2806739293E+01
  3.9107291782E+03 -1.2810577380E+01
  3.9171585452E+03 -1.2814379449E+01
  3.9235748972E+03 -1.2818144787E+01
  3.9299777869E+03 -1.2821873783E+01
  3.9363667314E+03 -1.2825568664E+01
  3.9427412709E+03 -1.2829232442E+01
  3.9491010003E+03 -1.2832868237E+01
  3.9554455582E+03 -1.2836480081E+01
  3.9617746433E+03 -1.2840071094E+01
  3.9680880259E+03 -1.2843642617E+01
  3.9743855023E+03 -1.2847196397E+01
  3.9806669098E+03 -1.2850733647E+01
  3.9869321361E+03 -1.2854253727E+01
  3.9931810509E+03 -1.2857755910E+01
  3.9994135047E+03 -1.2861240818E+01
  4.0056293938E+03 -1.2864707443E+01
  4.0118285871E+03 -1.2868154838E+01
  4.0180109221E+03 -1.2871583060E+01
  4.0241762493E+03 -1.2874992085E+01
  4.0303244167E+03 -1.2878380904E+01
  4.0364552475E+03 -1.2881749027E+01
  4.0425685532E+03 -1.2885097802E+01
  4.0486641809E+03 -1.2888426964E+01
  4.0547419723E+03 -1.2891736708E+01
  4.0608017800E+03 -1.2895027214E+01
  4.0668434526E+03 -1.2898298873E+01
  4.0728668462E+03 -1.2901552350E+01
  4.0788718425E+03 -1.2904787521E+01
  4.0848583177E+03 -1.2908004418E+01
  4.0908261455E+03 -1.2911203837E+01
  4.0967752318E+03 -1.2914385176E+01
  4.1027054660E+03 -1.2917548282E+01
  4.1086167321E+03 -1.2920694222E+01
  4.1145089397E+03 -1.2923821851E+01
  4.1203819670E+03 -1.2926931638E+01
  4.1262357141E+03 -1.2930023840E+01
  4.1320700891E+03 -1.2933098040E+01
  4.1378849893E+03 -1.2936154259E+01
  4.1436803042E+03 -1.2939192831E+01
  4.1494559438E+03 -1.2942212894E+01
  4.1552117836E+03 -1.2945216591E+01
  4.1609477448E+03 -1.2948204742E+01
  4.1666637729E+03 -1.2951175647E+01
  4.1723597487E+03 -1.2954129667E+01
  4.1780355757E+03 -1.2957069320E+01
  4.1836912081E+03 -1.2959995453E+01
  4.1893266156E+03 -1.2962907076E+01
  4.1949417220E+03 -1.2965803320E+01
  4.2005364553E+03 -1.2968686994E+01
  4.2061108219E+03 -1.2971557647E+01
  4.2116647876E+03 -1.2974414725E+01
  4.2171982964E+03 -1.2977257755E+01
  4.2227113346E+03 -1.2980087122E+01
  4.2282038475E+03 -1.2982903492E+01
  4.2336758008E+03 -1.2985706584E+01
  4.2391271814E+03 -1.2988493590E+01
  4.2445579235E+03 -1.2991267798E+01
  4.2499679922E+03 -1.2994029011E+01
  4.2553573721E+03 -1.2996778178E+01
  4.2607260691E+03 -1.2999510834E+01
  4.2660740084E+03 -1.3002230064E+01
  4.2714011428E+03 -1.3004937837E+01
  4.2767074704E+03 -1.3007629689E+01
  4.2819929547E+03 -1.3010309745E+01
  4.2872575919E+03 -1.3012976850E+01
  4.2925013496E+03 -1.3015630638E+01
  4.2977241878E+03 -1.3018269236E+01
  4.3029260717E+03 -1.3020896509E+01
  4.3081070031E+03 -1.3023512545E+01
  4.3132669791E+03 -1.3026112489E+01
  4.3184059580E+03 -1.3028700035E+01
  4.3235239077E+03 -1.3031278807E+01
  4.3286208653E+03 -1.3033842179E+01
  4.3336968112E+03 -1.3036394285E+01
  4.3387517163E+03 -1.3038936797E+01
  4.3437855883E+03 -1.3041465765E+01
  4.3487984367E+03 -1.3043987460E+01
  4.3537903161E+03 -1.3046501933E+01
  4.3587612716E+03 -1.3049003385E+01
  4.3637112792E+03 -1.3051498104E+01
  4.3686403895E+03 -1.3053991434E+01
  4.3735487433E+03 -1.3056475053E+01
  4.3784363717E+03 -1.3058954937E+01
  4.3833033480E+03 -1.3061435815E+01
  4.3881498178E+03 -1.3063911243E+01
  4.3929758661E+03 -1.3066389108E+01
  4.3977816439E+03 -1.3068872675E+01
  4.4025673556E+03 -1.3071357300E+01
  4.4073331557E+03 -1.3073848820E+01
  4.4120792329E+03 -1.3076344781E+01
  4.4168057678E+03 -1.3078855301E+01
  4.4215130480E+03 -1.3081381390E+01
  4.4262013693E+03 -1.3083918937E+01
  4.4308709834E+03 -1.3086478418E+01
  4.4355222408E+03 -1.3089064021E+01
  4.4401555324E+03 -1.3091668266E+01
  4.4447711500E+03 -1.3094301690E+01
  4.4493694962E+03 -1.3096963914E+01
  4.4539509637E+03 -1.3099662790E+01
  4.4585160349E+03 -1.3102395151E+01
  4.4630651467E+03 -1.3105167581E+01
  4.4675987718E+03 -1.3107986777E+01
  4.4721174665E+03 -1.3110848726E+01
  4.4766217404E+03 -1.3113762056E+01
  4.4811121783E+03 -1.3116723940E+01
  4.4855893213E+03 -1.3119739688E+01
  4.4900537686E+03 -1.3122810286E+01
  4.4945061112E+03 -1.3125944414E+01
  4.4989470350E+03 -1.3129135878E+01
  4.5033771565E+03 -1.3132393177E+01
  4.5077971441E+03 -1.3135720143E+01
  4.5122077286E+03 -1.3139114447E+01
  4.5166096201E+03 -1.3142584611E+01
  4.5210035935E+03 -1.3146124235E+01
  4.5253903517E+03 -1.3149743519E+01
  4.5297707167E+03 -1.3153437980E+01
  4.5341454419E+03 -1.3157215473E+01
  4.5385153601E+03 -1.3161073989E+01
  4.5428813360E+03 -1.3165013635E+01
  4.5472441901E+03 -1.3169037587E+01
  4.5516047775E+03 -1.3173141977E+01
  4.5559639230E+03 -1.3177336468E+01
  4.5603225713E+03 -1.3181612430E+01
  4.5646815671E+03 -1.3185971488E+01
  4.5690417663E+03 -1.3190413915E+01
  4.5734040580E+03 -1.3194941759E+01
  4.5777693430E+03 -1.3199546033E+01
  4.5821384541E+03 -1.3204227720E+01
  4.5865122342E+03 -1.3208988554E+01
  4.5908915217E+03 -1.3213822323E+01
  4.5952771196E+03 -1.3218729984E+01
  4.5996698308E+03 -1.3223705232E+01
  4.6040703945E+03 -1.3228745362E+01
  4.6084795380E+03 -1.3233853150E+01
  4.6128980095E+03 -1.3239020655E+01
  4.6173264751E+03 -1.3244249171E+01
  4.6217655871E+03 -1.3249533342E+01
  4.6262159789E+03 -1.3254867215E+01
  4.6306781933E+03 -1.3260252994E+01
  4.6351527792E+03 -1.3265687788E+01
  4.6396402978E+03 -1.3271168294E+01
  4.6441412656E+03 -1.3276692896E+01
  4.6486561663E+03 -1.3282260988E+01
  4.6531854931E+03 -1.3287869125E+01
  4.6577297268E+03 -1.3293513432E+01
  4.6622892781E+03 -1.3299195191E+01
  4.6668645755E+03 -1.3304910013E+01
  4.6714560312E+03 -1.3310657444E+01
  4.6760640465E+03 -1.3316428784E+01
  4.6806889187E+03 -1.3322225141E+01
  4.6853309348E+03 -1.3328042301E+01
  4.6899903568E+03 -1.3333871641E+01
  4.6946673591E+03 -1.3339707155E+01
  4.6993620193E+03 -1.3345542044E+01
  4.7040743549E+03 -1.3351370756E+01
  4.7088043189E+03 -1.3357183756E+01
  4.7135517557E+03 -1.3362969039E+01
  4.7183163891E+03 -1.3368716278E+01
  4.7230978124E+03 -1.3374417276E+01
  4.7278955777E+03 -1.3380067775E+01
  4.7327092081E+03 -1.3385658353E+01
  4.7375381479E+03 -1.3391186841E+01
  4.7423818700E+03 -1.3396660134E+01
  4.7472399628E+03 -1.3402078055E+01
  4.7521120943E+03 -1.3407454651E+01
  4.7569981162E+03 -1.3412804728E+01
  4.7618980944E+03 -1.3418146633E+01
  4.7668123579E+03 -1.3423505907E+01
  4.7717415389E+03 -1.3428905137E+01
  4.7766865450E+03 -1.3434375000E+01
  4.7816486210E+03 -1.3439950914E+01
  4.7866294173E+03 -1.3445663669E+01
  4.7916309528E+03 -1.3451554030E+01
  4.7966556890E+03 -1.3457669285E+01
  4.8017066293E+03 -1.3464055895E+01
  4.8067873136E+03 -1.3470770831E+01
  4.8119019355E+03 -1.3477880647E+01
  4.8170554742E+03 -1.3485458969E+01
  4.8222538029E+03 -1.3493599592E+01
  4.8275039732E+03 -1.3502404786E+01
  4.8328143698E+03 -1.3511997318E+01
  4.8381949994E+03 -1.3522525056E+01
  4.8436579023E+03 -1.3534164035E+01
  4.8492176867E+03 -1.3547115573E+01
  4.8548920128E+03 -1.3561616958E+01
  4.8607022664E+03 -1.3577938542E+01
  4.8666744042E+03 -1.3596372361E+01
  4.8728395915E+03 -1.3617236448E+01
  4.8792351081E+03 -1.3640850485E+01
  4.8859050724E+03 -1.3667512225E+01
  4.8929010061E+03 -1.3697585862E+01
  4.9002844637E+03 -1.3731647344E+01
  4.9081355394E+03 -1.3770474129E+01
  4.9165632507E+03 -1.3815085088E+01
  4.9257175340E+03 -1.3867011059E+01
  4.9358223402E+03 -1.3929882950E+01
  4.9472786674E+03 -1.4005210909E+01
  4.9606633276E+03 -1.4082239342E+01
  4.9767538546E+03 -1.4121719385E+01
  4.9945220845E+03 -1.4132290677E+01
  5.0126389789E+03 -1.4133092562E+01
  5.0305695331E+03 -1.4133014834E+01
  5.0482332859E+03 -1.4134671517E+01
  5.0656936501E+03 -1.4138168704E+01
  5.0830298582E+03 -1.4142833460E+01
  5.1002961594E+03 -1.4147973665E+01
  5.1175175682E+03 -1.4153135474E+01
  5.1346986881E+03 -1.4158111698E+01
  5.1518342101E+03 -1.4162844307E+01
  5.1689156255E+03 -1.4167345663E+01
  5.1859346179E+03 -1.4171653726E+01
  5.2028843875E+03 -1.4175810749E+01
  5.2197598847E+03 -1.4179850193E+01
  5.2365574733E+03 -1.4183800779E+01
  5.2532747231E+03 -1.4187685277E+01
  5.2699101537E+03 -1.4191520684E+01
  5.2864629908E+03 -1.4195319646E+01
  5.3029329462E+03 -1.4199091240E+01
  5.3193201242E+03 -1.4202843063E+01
  5.3356249442E+03 -1.4206577541E+01
  5.3518478869E+03 -1.4210299708E+01
  5.3679896185E+03 -1.4214011672E+01
  5.3840508620E+03 -1.4217714041E+01
  5.4000323904E+03 -1.4221406824E+01
  5.4159349441E+03 -1.4225088753E+01
  5.4317592010E+03 -1.4228763163E+01
  5.4475059497E+03 -1.4232428086E+01
  5.4631758790E+03 -1.4236081317E+01
  5.4787696010E+03 -1.4239723672E+01
  5.4942877401E+03 -1.4243355592E+01
  5.5097309278E+03 -1.4246975708E+01
  5.5250997250E+03 -1.4250581672E+01
  5.5403945965E+03 -1.4254173660E+01
  5.5556159931E+03 -1.4257751958E+01
  5.5707643813E+03 -1.4261315985E+01
  5.5858401951E+03 -1.4264864740E+01
  5.6008438297E+03 -1.4268398296E+01
  5.6157756906E+03 -1.4271915554E+01
  5.6306360904E+03 -1.4275415352E+01
  5.6454253144E+03 -1.4278896762E+01
  5.6601436346E+03 -1.4282360478E+01
  5.6747913169E+03 -1.4285807479E+01
  5.6893686594E+03 -1.4289235302E+01
  5.7038758873E+03 -1.4292643204E+01
  5.7183131799E+03 -1.4296032711E+01
  5.7326807367E+03 -1.4299402865E+01
  5.7469787585E+03 -1.4302751834E+01
  5.7612073742E+03 -1.4306083266E+01
  5.7753668511E+03 -1.4309393976E+01
  5.7894573027E+03 -1.4312682898E+01
  5.8034788093E+03 -1.4315953181E+01
  5.8174316077E+03 -1.4319204102E+01
  5.8313158536E+03 -1.4322434034E+01
  5.8451316722E+03 -1.4325641406E+01
  5.8588791186E+03 -1.4328829573E+01
  5.8725583470E+03 -1.4331999177E+01
  5.8861695580E+03 -1.4335149655E+01
  5.8997129170E+03 -1.4338281157E+01
  5.9131885950E+03 -1.4341393490E+01
  5.9265967533E+03 -1.4344486837E+01
  5.9399375547E+03 -1.4347561488E+01
  5.9532111687E+03 -1.4350617692E+01
  5.9664177703E+03 -1.4353655723E+01
  5.9795575402E+03 -1.4356675899E+01
  5.9926306662E+03 -1.4359678572E+01
  6.0056373436E+03 -1.4362664125E+01
  6.0185777767E+03 -1.4365632969E+01
  6.0314521791E+03 -1.4368585541E+01
  6.0442607741E+03 -1.4371522300E+01
  6.0570037956E+03 -1.4374443723E+01
  6.0696814881E+03 -1.4377350302E+01
  6.0822941072E+03 -1.4380242539E+01
  6.0948419195E+03 -1.4383120944E+01
  6.1073252028E+03 -1.4385986034E+01
  6.1197442456E+03 -1.4388838332E+01
  6.1320993479E+03 -1.4391678367E+01
  6.1443908201E+03 -1.4394506673E+01
  6.1566189838E+03 -1.4397323789E+01
  6.1687841709E+03 -1.4400130257E+01
  6.1808867242E+03 -1.4402926624E+01
  6.1929269967E+03 -1.4405713435E+01
  6.2049053517E+03 -1.4408491238E+01
  6.2168221625E+03 -1.4411260580E+01
  6.2286778120E+03 -1.4414022006E+01
  6.2404726927E+03 -1.4416776059E+01
  6.2522072062E+03 -1.4419523274E+01
  6.2638817631E+03 -1.4422264183E+01
  6.2754967823E+03 -1.4424999311E+01
  6.2870526908E+03 -1.4427729172E+01
  6.2985499233E+03 -1.4430454273E+01
  6.3099889218E+03 -1.4433175111E+01
  6.3213701348E+03 -1.4435892173E+01
  6.3326940177E+03 -1.4438605935E+01
  6.3439610315E+03 -1.4441316861E+01
  6.3551716427E+03 -1.4444025403E+01
  6.3663263231E+03 -1.4446731998E+01
  6.3774255488E+03 -1.4449437072E+01
  6.3884698001E+03 -1.4452141033E+01
  6.3994595610E+03 -1.4454844277E+01
  6.4103953185E+03 -1.4457547181E+01
  6.4212775626E+03 -1.4460250110E+01
  6.4321067851E+03 -1.4462953411E+01
  6.4428834798E+03 -1.4465657415E+01
  6.4536081419E+03 -1.4468362439E+01
  6.4642812671E+03 -1.4471068783E+01
  6.4749033520E+03 -1.4473776733E+01
  6.4854748930E+03 -1.4476486556E+01
  6.4959963862E+03 -1.4479198507E+01
  6.5064683270E+03 -1.4481912823E+01
  6.5168912096E+03 -1.4484629726E+01
  6.5272655270E+03 -1.4487349423E+01
  6.5375917700E+03 -1.4490072105E+01
  6.5478704275E+03 -1.4492797952E+01
  6.5581019859E+03 -1.4495527128E+01
  6.5682869288E+03 -1.4498259786E+01
  6.5784257370E+03 -1.4500996067E+01
  6.5885188879E+03 -1.4503736100E+01
  6.5985668556E+03 -1.4506479996E+01
  6.6085701103E+03 -1.4509227846E+01
  6.6185291178E+03 -1.4511979695E+01
  6.6284443386E+03 -1.4514735515E+01
  6.6383162256E+03 -1.4517495127E+01
  6.6481452205E+03 -1.4520258103E+01
  6.6579317474E+03 -1.4523023600E+01
  6.6676762030E+03 -1.4525790167E+01
  6.6773789421E+03 -1.4528555534E+01
  6.6870402599E+03 -1.4531316454E+01
  6.6966603716E+03 -1.4534068678E+01
  6.7062393939E+03 -1.4536807146E+01
  6.7157773334E+03 -1.4539526415E+01
  6.7252740866E+03 -1.4542221281E+01
  6.7347294542E+03 -1.4544887456E+01
  6.7441431695E+03 -1.4547522096E+01
  6.7535149356E+03 -1.4550124011E+01
  6.7628444615E+03 -1.4552693445E+01
  6.7721314898E+03 -1.4555231501E+01
  6.7813758069E+03 -1.4557739368E+01
  6.7905772349E+03 -1.4560217625E+01
  6.7997356082E+03 -1.4562665866E+01
  6.8088507429E+03 -1.4565082844E+01
  6.8179224110E+03 -1.4567467201E+01
  6.8269503308E+03 -1.4569818729E+01
  6.8359341843E+03 -1.4572139930E+01
  6.8448736679E+03 -1.4574437542E+01
  6.8537685747E+03 -1.4576723581E+01
  6.8626189004E+03 -1.4579015527E+01
  6.8714249566E+03 -1.4581335397E+01
  6.8801874678E+03 -1.4583707736E+01
  6.8889076315E+03 -1.4586156815E+01
  6.8975871246E+03 -1.4588703549E+01
  6.9062280480E+03 -1.4591362740E+01
  6.9148328146E+03 -1.4594141162E+01
  6.9234039959E+03 -1.4597036855E+01
  6.9319441511E+03 -1.4600039709E+01
  6.9404556620E+03 -1.4603133171E+01
  6.9489405989E+03 -1.4606296682E+01
  6.9574006317E+03 -1.4609508346E+01
  6.9658369939E+03 -1.4612747363E+01
  6.9742504959E+03 -1.4615995849E+01
  6.9826415762E+03 -1.4619239885E+01
  6.9910103773E+03 -1.4622469762E+01
  6.9993568288E+03 -1.4625679592E+01
  7.0076807258E+03 -1.4628866495E+01
  7.0159817928E+03 -1.4632029627E+01
  7.0242597289E+03 -1.4635169261E+01
  7.0325142352E+03 -1.4638286083E+01
  7.0407450269E+03 -1.4641380772E+01
  7.0489518361E+03 -1.4644453872E+01
  7.0571344100E+03 -1.4647505907E+01
  7.0652925094E+03 -1.4650537638E+01
  7.0734259107E+03 -1.4653550354E+01
  7.0815344134E+03 -1.4656546060E+01
  7.0896178505E+03 -1.4659527503E+01
  7.0976761020E+03 -1.4662497965E+01
  7.1057091043E+03 -1.4665460900E+01
  7.1137168561E+03 -1.4668419496E+01
  7.1216994151E+03 -1.4671376281E+01
  7.1296568889E+03 -1.4674332905E+01
  7.1375894197E+03 -1.4677290129E+01
  7.1454971688E+03 -1.4680248039E+01
  7.1533803021E+03 -1.4683206389E+01
  7.1612389831E+03 -1.4686164987E+01
  7.1690733703E+03 -1.4689123998E+01
  7.1768836225E+03 -1.4692084085E+01
  7.1846699068E+03 -1.4695046342E+01
  7.1924324060E+03 -1.4698012041E+01
  7.2001713235E+03 -1.4700982265E+01
  7.2078868815E+03 -1.4703957524E+01
  7.2155793124E+03 -1.4706937492E+01
  7.2232488452E+03 -1.4709920926E+01
  7.2308956887E+03 -1.4712905816E+01
  7.2385200169E+03 -1.4715889736E+01
  7.2461219599E+03 -1.4718870297E+01
  7.2537016020E+03 -1.4721845593E+01
  7.2612589894E+03 -1.4724814526E+01
  7.2687941433E+03 -1.4727776956E+01
  7.2763070771E+03 -1.4730733659E+01
  7.2837978145E+03 -1.4733686136E+01
  7.2912664033E+03 -1.4736636342E+01
  7.2987129250E+03 -1.4739586394E+01
  7.3061374990E+03 -1.4742538308E+01
  7.3135402808E+03 -1.4745493788E+01
  7.3209214568E+03 -1.4748454061E+01
  7.3282812351E+03 -1.4751419758E+01
  7.3356198349E+03 -1.4754390845E+01
  7.3429374743E+03 -1.4757366593E+01
  7.3502343585E+03 -1.4760345617E+01
  7.3575106680E+03 -1.4763325977E+01
  7.3647665502E+03 -1.4766305364E+01
  7.3720021123E+03 -1.4769281368E+01
  7.3792174206E+03 -1.4772251796E+01
  7.3864125028E+03 -1.4775215020E+01
  7.3935873573E+03 -1.4778170293E+01
  7.4007419670E+03 -1.4781117974E+01
  7.4078763163E+03 -1.4784059615E+01
  7.4149904104E+03 -1.4786997868E+01
  7.4220842931E+03 -1.4789936199E+01
  7.4291580609E+03 -1.4792878450E+01
  7.4362118700E+03 -1.4795828311E+01
  7.4432459356E+03 -1.4798788775E+01
  7.4502605228E+03 -1.4801761683E+01
  7.4572559292E+03 -1.4804747420E+01
  7.4642324633E+03 -1.4807744823E+01
  7.4711904203E+03 -1.4810751331E+01
  7.4781300588E+03 -1.4813763337E+01
  7.4850515832E+03 -1.4816776688E+01
  7.4919551333E+03 -1.4819787250E+01
  7.4988407818E+03 -1.4822791446E+01
  7.5057085412E+03 -1.4825786711E+01
  7.5125583779E+03 -1.4828771762E+01
  7.5193902312E+03 -1.4831746665E+01
  7.5262040346E+03 -1.4834712693E+01
  7.5329997350E+03 -1.4837672015E+01
  7.5397773094E+03 -1.4840627270E+01
  7.5465367735E+03 -1.4843581100E+01
  7.5532781847E+03 -1.4846535717E+01
  7.5600016375E+03 -1.4849492579E+01
  7.5667072535E+03 -1.4852452213E+01
  7.5733951674E+03 -1.4855414209E+01
  7.5800655128E+03 -1.4858377394E+01
  7.5867184088E+03 -1.4861340117E+01
  7.5933539510E+03 -1.4864300558E+01
  7.5999722072E+03 -1.4867257055E+01
  7.6065732174E+03 -1.4870208398E+01
  7.6131569995E+03 -1.4873153913E+01
  7.6197235572E+03 -1.4876093411E+01
  7.6262728875E+03 -1.4879027084E+01
  7.6328049874E+03 -1.4881955312E+01
  7.6393198578E+03 -1.4884878557E+01
  7.6458175059E+03 -1.4887797097E+01
  7.6522979447E+03 -1.4890710860E+01
  7.6587611880E+03 -1.4893619606E+01
  7.6652072474E+03 -1.4896523088E+01
  7.6716361313E+03 -1.4899421231E+01
  7.6780478469E+03 -1.4902314239E+01
  7.6844424037E+03 -1.4905202757E+01
  7.6908198185E+03 -1.4908088006E+01
  7.6971801233E+03 -1.4910971674E+01
  7.7035233724E+03 -1.4913855799E+01
  7.7098496480E+03 -1.4916742531E+01
  7.7161590623E+03 -1.4919633904E+01
  7.7224517571E+03 -1.4922531536E+01
  7.7287278995E+03 -1.4925436148E+01
  7.7349876705E+03 -1.4928347584E+01
  7.7412312513E+03 -1.4931265017E+01
  7.7474588130E+03 -1.4934186904E+01
  7.7536705065E+03 -1.4937111197E+01
  7.7598664543E+03 -1.4940035382E+01
  7.7660467443E+03 -1.4942956672E+01
  7.7722114237E+03 -1.4945872759E+01
  7.7783605026E+03 -1.4948781653E+01
  7.7844939617E+03 -1.4951681394E+01
  7.7906117525E+03 -1.4954570830E+01
  7.7967138056E+03 -1.4957449603E+01
  7.8028000437E+03 -1.4960317798E+01
  7.8088703902E+03 -1.4963175989E+01
  7.8149247756E+03 -1.4966025131E+01
  7.8209631437E+03 -1.4968866392E+01
  7.8269854563E+03 -1.4971700998E+01
  7.8329916937E+03 -1.4974530500E+01
  7.8389818566E+03 -1.4977357115E+01
  7.8449559741E+03 -1.4980183126E+01
  7.8509141085E+03 -1.4983010274E+01
  7.8568563476E+03 -1.4985840487E+01
  7.8627828017E+03 -1.4988676455E+01
  7.8686936126E+03 -1.4991520579E+01
  7.8745889561E+03 -1.4994373744E+01
  7.8804690256E+03 -1.4997235098E+01
  7.8863340072E+03 -1.5000102924E+01
  7.8921840629E+03 -1.5002975490E+01
  7.8980193281E+03 -1.5005850842E+01
  7.9038399117E+03 -1.5008726146E+01
  7.9096458897E+03 -1.5011597361E+01
  7.9154372916E+03 -1.5014459358E+01
  7.9212140846E+03 -1.5017307061E+01
  7.9269761693E+03 -1.5020135814E+01
  7.9327233850E+03 -1.5022942174E+01
  7.9384555222E+03 -1.5025724440E+01
  7.9441723437E+03 -1.5028482401E+01
  7.9498736058E+03 -1.5031217425E+01
  7.9555590760E+03 -1.5033932745E+01
  7.9612285597E+03 -1.5036632692E+01
  7.9668819184E+03 -1.5039320668E+01
  7.9725190643E+03 -1.5042001201E+01
  7.9781399586E+03 -1.5044681399E+01
  7.9837446433E+03 -1.5047364666E+01
  7.9893332303E+03 -1.5050051411E+01
  7.9949058358E+03 -1.5052745933E+01
  8.0004626031E+03 -1.5055453756E+01
  8.0060037440E+03 -1.5058177297E+01
  8.0115295182E+03 -1.5060914527E+01
  8.0170401803E+03 -1.5063660958E+01
  8.0225359359E+03 -1.5066411017E+01
  8.0280169276E+03 -1.5069158799E+01
  8.0334832217E+03 -1.5071900629E+01
  8.0389348240E+03 -1.5074635961E+01
  8.0443717192E+03 -1.5077363426E+01
  8.0497938890E+03 -1.5080076414E+01
  8.0552012626E+03 -1.5082770497E+01
  8.0605936868E+03 -1.5085447963E+01
  8.0659710070E+03 -1.5088112749E+01
  8.0713331152E+03 -1.5090768473E+01
  8.0766799567E+03 -1.5093414493E+01
  8.0820115034E+03 -1.5096047089E+01
  8.0873276944E+03 -1.5098665830E+01
  8.0926284399E+03 -1.5101276195E+01
  8.0979136856E+03 -1.5103887655E+01
  8.1031834778E+03 -1.5106506813E+01
  8.1084379593E+03 -1.5109130613E+01
  8.1136772821E+03 -1.5111755314E+01
  8.1189015275E+03 -1.5114392132E+01
  8.1241108240E+03 -1.5117052320E+01
  8.1293054709E+03 -1.5119729045E+01
  8.1344857819E+03 -1.5122409397E+01
  8.1396519168E+03 -1.5125088620E+01
  8.1448039308E+03 -1.5127765712E+01
  8.1499418697E+03 -1.5130431783E+01
  8.1550657277E+03 -1.5133077271E+01
  8.1601753657E+03 -1.5135713498E+01
  8.1652706483E+03 -1.5138366292E+01
  8.1703517019E+03 -1.5141040799E+01
  8.1754188619E+03 -1.5143714272E+01
  8.1804723291E+03 -1.5146371108E+01
  8.1855120346E+03 -1.5149026003E+01
  8.1905379090E+03 -1.5151705112E+01
  8.1955501646E+03 -1.5154413326E+01
  8.2005492148E+03 -1.5157127362E+01
  8.2055353494E+03 -1.5159817179E+01
  8.2105085153E+03 -1.5162470435E+01
  8.2154684131E+03 -1.5165098581E+01
  8.2204147383E+03 -1.5167728583E+01
  8.2253474241E+03 -1.5170387011E+01
  8.2302666970E+03 -1.5173092638E+01
  8.2351730242E+03 -1.5175851757E+01
  8.2400670307E+03 -1.5178661101E+01
  8.2449493250E+03 -1.5181512913E+01
  8.2498204398E+03 -1.5184389584E+01
  8.2546807770E+03 -1.5187268183E+01
  8.2595305407E+03 -1.5190137180E+01
  8.2643697106E+03 -1.5192983497E+01
  8.2691981397E+03 -1.5195772958E+01
  8.2740154539E+03 -1.5198502618E+01
  8.2788210036E+03 -1.5201215687E+01
  8.2836143762E+03 -1.5203910275E+01
  8.2883955812E+03 -1.5206510162E+01
  8.2931642314E+03 -1.5208995094E+01
  8.2979192032E+03 -1.5211434121E+01
  8.3026596598E+03 -1.5213886458E+01
  8.3073855199E+03 -1.5216397988E+01
  8.3120971834E+03 -1.5218999831E+01
  8.3167955702E+03 -1.5221683806E+01
  8.3214816922E+03 -1.5224408501E+01
  8.3261562771E+03 -1.5227139078E+01
  8.3308195460E+03 -1.5229942674E+01
  8.3354717102E+03 -1.5232918824E+01
  8.3401140326E+03 -1.5236038755E+01
  8.3447483976E+03 -1.5239131717E+01
  8.3493756856E+03 -1.5242033207E+01
  8.3539948216E+03 -1.5244717278E+01
  8.3586036254E+03 -1.5247301037E+01
  8.3632003723E+03 -1.5249985593E+01
  8.3677848882E+03 -1.5252853192E+01
  8.3723588921E+03 -1.5255763160E+01
  8.3769240134E+03 -1.5258567959E+01
  8.3814799262E+03 -1.5261217916E+01
  8.3860254288E+03 -1.5263742732E+01
  8.3905591611E+03 -1.5266374567E+01
  8.3950805637E+03 -1.5269376401E+01
  8.3995920509E+03 -1.5272723536E+01
  8.4040974960E+03 -1.5276272779E+01
  8.4085995474E+03 -1.5279808984E+01
  8.4130995967E+03 -1.5283141221E+01
  8.4175966266E+03 -1.5286297105E+01
  8.4220884324E+03 -1.5289358202E+01
  8.4265735684E+03 -1.5292382649E+01
  8.4310514489E+03 -1.5295484321E+01
  8.4355221991E+03 -1.5298716671E+01
  8.4399873125E+03 -1.5302003673E+01
  8.4444477688E+03 -1.5305327763E+01
  8.4489035493E+03 -1.5308586177E+01
  8.4533551289E+03 -1.5311814767E+01
  8.4578016195E+03 -1.5315311730E+01
  8.4622438885E+03 -1.5319017145E+01
  8.4666848694E+03 -1.5322506376E+01
  8.4711250511E+03 -1.5325441836E+01
  8.4755611729E+03 -1.5328112414E+01
  8.4799879474E+03 -1.5331111894E+01
  8.4844054143E+03 -1.5334489307E+01
  8.4888174671E+03 -1.5338008002E+01
  8.4932269404E+03 -1.5341442799E+01
  8.4976347657E+03 -1.5344936202E+01
  8.5020399034E+03 -1.5348773406E+01
  8.5064433356E+03 -1.5352515791E+01
  8.5108484944E+03 -1.5355637857E+01
  8.5152521511E+03 -1.5358589264E+01
  8.5196479536E+03 -1.5361758544E+01
  8.5240364403E+03 -1.5364749812E+01
  8.5284212373E+03 -1.5367757063E+01
  8.5328028799E+03 -1.5371849490E+01
  8.5371879627E+03 -1.5377125053E+01
  8.5415900223E+03 -1.5382621705E+01
  8.5460154501E+03 -1.5388018631E+01
  8.5504585720E+03 -1.5393716760E+01
  8.5549166041E+03 -1.5398806237E+01
  8.5593934688E+03 -1.5402778009E+01
  8.5638834714E+03 -1.5407437222E+01
  8.5683779140E+03 -1.5412511780E+01
  8.5728693181E+03 -1.5414851850E+01
  8.5773559899E+03 -1.5416299129E+01
  8.5818515970E+03 -1.5420841255E+01
  8.5863235657E+03 -1.5423622662E+01
  8.5907421568E+03 -1.5426993423E+01
  8.5952382293E+03 -1.5436140483E+01
  8.5997623222E+03 -1.5432295240E+01
  8.6041867970E+03 -1.5438671886E+01
  8.6087835409E+03 -1.5452915306E+01
  8.6132512805E+03 -1.5449200228E+01
  8.6179588490E+03 -1.5481020494E+01
  8.6227425153E+03 -1.5462766458E+01
  8.6274387552E+03 -1.5503352097E+01
  8.6326501746E+03 -1.5487889758E+01
  8.6373050746E+03 -1.5530183064E+01
  8.6433488640E+03 -1.5559092800E+01
  8.6481041371E+03 -1.5544014546E+01
  8.6552485232E+03 -1.5687702366E+01
  8.6609601360E+03 -1.5854032692E+01
  8.6706171904E+03 -1.5844353782E+01
  8.6803758243E+03 -1.5813758467E+01
  8.6894218352E+03 -1.5772554307E+01
  8.6975792368E+03 -1.5730590928E+01
  8.7050980726E+03 -1.5721132059E+01
  8.7124897832E+03 -1.5700779588E+01
  8.7193218900E+03 -1.5665192850E+01
  8.7257734178E+03 -1.5659107722E+01
  8.7319497178E+03 -1.5626504327E+01
  8.7377383608E+03 -1.5618837224E+01
  8.7433372745E+03 -1.5595785681E+01
  8.7486308825E+03 -1.5585980350E+01
  8.7537785944E+03 -1.5570125758E+01
  8.7586893205E+03 -1.5558955522E+01
  8.7634944309E+03 -1.5548750307E+01
  8.7680896246E+03 -1.5539793577E+01
  8.7726465224E+03 -1.5533311813E+01
  8.7770121382E+03 -1.5528752122E+01
  8.7813959897E+03 -1.5526414841E+01
  8.7856198704E+03 -1.5527509950E+01
  8.7899116379E+03 -1.5528979519E+01
  8.7940828825E+03 -1.5534946144E+01
  8.7983597639E+03 -1.5537346808E+01
  8.8025511266E+03 -1.5546409040E+01
  8.8068470433E+03 -1.5547402431E+01
  8.8111049113E+03 -1.5557929363E+01
  8.8154077438E+03 -1.5558866203E+01
  8.8197601607E+03 -1.5567757230E+01
  8.8240626111E+03 -1.5573228743E+01
  8.8285003483E+03 -1.5576550563E+01
  8.8328589179E+03 -1.5588372762E+01
  8.8373154106E+03 -1.5589219136E+01
  8.8418180979E+03 -1.5599060902E+01
  8.8462709322E+03 -1.5608159671E+01
  8.8508833225E+03 -1.5609340883E+01
  8.8554670334E+03 -1.5623010700E+01
  8.8600700613E+03 -1.5630148437E+01
  8.8648392087E+03 -1.5632736874E+01
  8.8695603822E+03 -1.5648179925E+01
  8.8743351867E+03 -1.5655929045E+01
  8.8792908810E+03 -1.5658518415E+01
  8.8842144623E+03 -1.5674510476E+01
  8.8891788025E+03 -1.5685879861E+01
  8.8943564777E+03 -1.5687719476E+01
  8.8995626554E+03 -1.5702042709E+01
  8.9047633737E+03 -1.5719491662E+01
  8.9101896888E+03 -1.5723615421E+01
  8.9157724135E+03 -1.5733333811E+01
  8.9213303499E+03 -1.5756016383E+01
  8.9270650036E+03 -1.5768817991E+01
  8.9330963231E+03 -1.5774389193E+01
  8.9392210968E+03 -1.5797079716E+01
  8.9454376177E+03 -1.5822863976E+01
  8.9520122592E+03 -1.5832275556E+01
  8.9589148602E+03 -1.5847033430E+01
  8.9659460887E+03 -1.5882228415E+01
  8.9732982542E+03 -1.5908612420E+01
  8.9811666418E+03 -1.5917547186E+01
  8.9894302967E+03 -1.5945041311E+01
  8.9980118258E+03 -1.5989538122E+01
  9.0071848469E+03 -1.6017476257E+01
  9.0170415377E+03 -1.6029097875E+01
  9.0275350032E+03 -1.6071691341E+01
  9.0387862080E+03 -1.6124931230E+01
  9.0509706874E+03 -1.6156676906E+01
  9.0641292141E+03 -1.6180257252E+01
  9.0788790765E+03 -1.6251791914E+01
  9.0955424151E+03 -1.6313868442E+01
  9.1133921524E+03 -1.6344763552E+01
  9.1338276651E+03 -1.6429386003E+01
  9.1601734049E+03 -1.6515466519E+01
  9.1869102727E+03 -1.6561629360E+01
  9.2199684873E+03 -1.6685043080E+01
  9.2659305404E+03 -1.6812999296E+01
  9.3165440474E+03 -1.6914624915E+01
  9.3821948240E+03 -1.7092417550E+01
