  0.0000000000E+00 -1.2108349486E+01
  3.0230221185E+02 -1.1649826950E+01
  3.2819590519E+02 -1.1123822843E+01
  3.4154477789E+02 -1.0973252678E+01
  3.4999473640E+02 -1.0916830094E+01
  3.5681129803E+02 -1.0888783385E+01
  3.6338422937E+02 -1.0866109140E+01
  3.6980217314E+02 -1.0846973205E+01
  3.7602551103E+02 -1.0829605011E+01
  3.8206165281E+02 -1.0812598827E+01
  3.8792897480E+02 -1.0795119699E+01
  3.9364594274E+02 -1.0777439536E+01
  3.9924261252E+02 -1.0760067308E+01
  4.0475259319E+02 -1.0743780317E+01
  4.1020490830E+02 -1.0728727468E+01
  4.1561278372E+02 -1.0714777152E+01
  4.2097680297E+02 -1.0701510797E+01
  4.2630376433E+02 -1.0689360767E+01
  4.3161915745E+02 -1.0678665272E+01
  4.3694393222E+02 -1.0669722243E+01
  4.4228869631E+02 -1.0662419918E+01
  4.4766392081E+02 -1.0656412638E+01
  4.5307170350E+02 -1.0651763985E+01
  4.5851733245E+02 -1.0648154915E+01
  4.6400521286E+02 -1.0645633742E+01
  4.6954049977E+02 -1.0644189427E+01
  4.7513605033E+02 -1.0643607883E+01
  4.8079588153E+02 -1.0644124719E+01
  4.8652860240E+02 -1.0645581175E+01
  4.9234152763E+02 -1.0648158708E+01
  4.9824441179E+02 -1.0651917379E+01
  5.0425678612E+02 -1.0656659995E+01
  5.1038735139E+02 -1.0662644549E+01
  5.1664812295E+02 -1.0669977345E+01
  5.2306212101E+02 -1.0678475317E+01
  5.2963978216E+02 -1.0688394409E+01
  5.3639470125E+02 -1.0699768829E+01
  5.4335195445E+02 -1.0712280933E+01
  5.5052046828E+02 -1.0726003900E+01
  5.5791051767E+02 -1.0740713986E+01
  5.6554386079E+02 -1.0755813591E+01
  5.7342373009E+02 -1.0771101088E+01
  5.8155607146E+02 -1.0786048570E+01
  5.8995830471E+02 -1.0799858331E+01
  5.9862299457E+02 -1.0812329908E+01
  6.0753891124E+02 -1.0823102081E+01
  6.1669109629E+02 -1.0832185708E+01
  6.2605552547E+02 -1.0839557859E+01
  6.3559381664E+02 -1.0845753665E+01
  6.4527978056E+02 -1.0850958851E+01
  6.5510458089E+02 -1.0854984275E+01
  6.6504109343E+02 -1.0858293786E+01
  6.7507250587E+02 -1.0861129746E+01
  6.8519668130E+02 -1.0863825745E+01
  6.9541778738E+02 -1.0866340301E+01
  7.0572704692E+02 -1.0869308485E+01
  7.1612753117E+02 -1.0872892401E+01
  7.2663361562E+02 -1.0877028405E+01
  7.3725469262E+02 -1.0881812368E+01
  7.4800652468E+02 -1.0886752268E+01
  7.5888590440E+02 -1.0892251103E+01
  7.6990351243E+02 -1.0898055542E+01
  7.8107777362E+02 -1.0904057292E+01
  7.9242206728E+02 -1.0909434218E+01
  8.0390950181E+02 -1.0915183161E+01
  8.1554039435E+02 -1.0920265657E+01
  8.2729936484E+02 -1.0924072803E+01
  8.3915382280E+02 -1.0925930989E+01
  8.5107408067E+02 -1.0923780177E+01
  8.6296879574E+02 -1.0919980216E+01
  8.7482042448E+02 -1.0914064142E+01
  8.8661602071E+02 -1.0907197606E+01
  8.9835243830E+02 -1.0900068852E+01
  9.1002201887E+02 -1.0893957921E+01
  9.2162050096E+02 -1.0886604284E+01
  9.3310430910E+02 -1.0883078485E+01
  9.4458721158E+02 -1.0880524015E+01
  9.5610228768E+02 -1.0879177646E+01
  9.6769967684E+02 -1.0879579036E+01
  9.7943174220E+02 -1.0882345936E+01
  9.9131368334E+02 -1.0885208253E+01
  1.0033432312E+03 -1.0897099202E+01
  1.0157719876E+03 -1.0914151708E+01
  1.0286700797E+03 -1.0935970236E+01
  1.0420949316E+03 -1.0958215626E+01
  1.0559695249E+03 -1.0973835057E+01
  1.0701538406E+03 -1.0978412300E+01
  1.0846093365E+03 -1.0967435015E+01
  1.0990640470E+03 -1.0958474346E+01
  1.1135419401E+03 -1.0952240073E+01
  1.1279324921E+03 -1.0948200169E+01
  1.1421702995E+03 -1.0947210761E+01
  1.1563619832E+03 -1.0947104643E+01
  1.1706113020E+03 -1.0940893248E+01
  1.1847391628E+03 -1.0924287166E+01
  1.1983182742E+03 -1.0884913877E+01
  1.2108661421E+03 -1.0858882734E+01
  1.2232023114E+03 -1.0832299843E+01
  1.2354074513E+03 -1.0804366752E+01
  1.2473543279E+03 -1.0781024875E+01
  1.2588009534E+03 -1.0766243134E+01
  1.2698520464E+03 -1.0772705490E+01
  1.2809389051E+03 -1.0773046421E+01
  1.2916758888E+03 -1.0790926857E+01
  1.3025149857E+03 -1.0830064302E+01
  1.3139043665E+03 -1.0900113949E+01
  1.3265569674E+03 -1.1022937626E+01
  1.3418968625E+03 -1.1255866340E+01
  1.3633293720E+03 -1.1886216052E+01
  1.4468450860E+03 -1.1849393076E+01
  1.5223454782E+03 -1.1786667020E+01
  1.5825603882E+03 -1.1754186513E+01
  1.6346682058E+03 -1.1752963458E+01
  1.6832472264E+03 -1.1769370448E+01
  1.7306164923E+03 -1.1796118654E+01
  1.7779798066E+03 -1.1825256564E+01
  1.8256566338E+03 -1.1848617907E+01
  1.8731606113E+03 -1.1864635719E+01
  1.9197841492E+03 -1.1873899713E+01
  1.9649830640E+03 -1.1880905554E+01
  2.0086059399E+03 -1.1886092176E+01
  2.0506459076E+03 -1.1890305165E+01
  2.0911375592E+03 -1.1893891422E+01
  2.1301503471E+03 -1.1896473118E+01
  2.1677330186E+03 -1.1898278636E+01
  2.2039900826E+03 -1.1900287658E+01
  2.2390576481E+03 -1.1900449228E+01
  2.2727921851E+03 -1.1901315289E+01
  2.3053608281E+03 -1.1902080343E+01
  2.3368500371E+03 -1.1902670863E+01
  2.3673265699E+03 -1.1903333455E+01
  2.3968595473E+03 -1.1904250739E+01
  2.4255163333E+03 -1.1905304575E+01
  2.4533535383E+03 -1.1906237855E+01
  2.4804160610E+03 -1.1906991597E+01
  2.5067438604E+03 -1.1907797122E+01
  2.5323814402E+03 -1.1908953890E+01
  2.5573782323E+03 -1.1910549894E+01
  2.5817811755E+03 -1.1912395740E+01
  2.6056285056E+03 -1.1914160972E+01
  2.6289456723E+03 -1.1915686160E+01
  2.6517509114E+03 -1.1917031238E+01
  2.6740604735E+03 -1.1918369720E+01
  2.6958923212E+03 -1.1919844648E+01
  2.7172680498E+03 -1.1921560407E+01
  2.7382147952E+03 -1.1923095119E+01
  2.7587387794E+03 -1.1924764116E+01
  2.7788642729E+03 -1.1926518102E+01
  2.7986090611E+03 -1.1928305026E+01
  2.8179841922E+03 -1.1930048124E+01
  2.8369978560E+03 -1.1931654851E+01
  2.8556577870E+03 -1.1933074919E+01
  2.8739715293E+03 -1.1934344115E+01
  2.8919464593E+03 -1.1935558559E+01
  2.9095901890E+03 -1.1936820932E+01
  2.9269115325E+03 -1.1938178699E+01
  2.9439202510E+03 -1.1939604743E+01
  2.9606255633E+03 -1.1941010488E+01
  2.9770343831E+03 -1.1942287778E+01
  2.9931511592E+03 -1.1943365823E+01
  3.0089796867E+03 -1.1944245360E+01
  3.0245246936E+03 -1.1945007063E+01
  3.0397923184E+03 -1.1945658109E+01
  3.0547845877E+03 -1.1946269849E+01
  3.0695031177E+03 -1.1946827150E+01
  3.0839496082E+03 -1.1947298679E+01
  3.0981290530E+03 -1.1947665585E+01
  3.1120496656E+03 -1.1947915205E+01
  3.1257185386E+03 -1.1948019689E+01
  3.1391371800E+03 -1.1947932749E+01
  3.1523017132E+03 -1.1947611591E+01
  3.1652077989E+03 -1.1947034692E+01
  3.1778555914E+03 -1.1946202261E+01
  3.1902502378E+03 -1.1945125830E+01
  3.2023979340E+03 -1.1943825287E+01
  3.2143018179E+03 -1.1942333828E+01
  3.2259614107E+03 -1.1940699554E+01
  3.2373752009E+03 -1.1938934371E+01
  3.2485428109E+03 -1.1937029494E+01
  3.2594665298E+03 -1.1934924535E+01
  3.2701496115E+03 -1.1932546522E+01
  3.2805952867E+03 -1.1929851058E+01
  3.2908064624E+03 -1.1926843118E+01
  3.3007860886E+03 -1.1923557465E+01
  3.3105371071E+03 -1.1920023569E+01
  3.3200619345E+03 -1.1916254390E+01
  3.3293625756E+03 -1.1912265392E+01
  3.3384416430E+03 -1.1908093984E+01
  3.3473035636E+03 -1.1903795512E+01
  3.3559549302E+03 -1.1899415615E+01
  3.3644035255E+03 -1.1894965688E+01
  3.3726569778E+03 -1.1890444582E+01
  3.3807223318E+03 -1.1885849136E+01
  3.3886058962E+03 -1.1881192286E+01
  3.3963137244E+03 -1.1876494458E+01
  3.4038520870E+03 -1.1871771600E+01
  3.4112278216E+03 -1.1867036651E+01
  3.4184487407E+03 -1.1862313723E+01
  3.4255238124E+03 -1.1857648296E+01
  3.4324629244E+03 -1.1853100478E+01
  3.4392762986E+03 -1.1848729284E+01
  3.4459739508E+03 -1.1844583758E+01
  3.4525655785E+03 -1.1840700981E+01
  3.4590604601E+03 -1.1837120440E+01
  3.4654678718E+03 -1.1833900250E+01
  3.4717978161E+03 -1.1831115633E+01
  3.4780601758E+03 -1.1828817189E+01
  3.4842643770E+03 -1.1827058804E+01
  3.4904205006E+03 -1.1825892395E+01
  3.4965390748E+03 -1.1825354948E+01
  3.5026304386E+03 -1.1825472634E+01
  3.5087037710E+03 -1.1826245272E+01
  3.5147671932E+03 -1.1827639099E+01
  3.5208277041E+03 -1.1829602164E+01
  3.5268912153E+03 -1.1832077366E+01
  3.5329626958E+03 -1.1835003655E+01
  3.5390462563E+03 -1.1838322736E+01
  3.5451454367E+03 -1.1841987219E+01
  3.5512634601E+03 -1.1845963951E+01
  3.5574034218E+03 -1.1850227961E+01
  3.5635682353E+03 -1.1854750071E+01
  3.5697602788E+03 -1.1859489897E+01
  3.5759811850E+03 -1.1864403297E+01
  3.5822316981E+03 -1.1869449446E+01
  3.5885116346E+03 -1.1874593175E+01
  3.5948199580E+03 -1.1879805520E+01
  3.6011549257E+03 -1.1885061942E+01
  3.6075143406E+03 -1.1890345019E+01
  3.6138958744E+03 -1.1895647635E+01
  3.6202974233E+03 -1.1900974428E+01
  3.6267172604E+03 -1.1906335341E+01
  3.6331540140E+03 -1.1911737818E+01
  3.6396067751E+03 -1.1917183374E+01
  3.6460751244E+03 -1.1922665123E+01
  3.6525589578E+03 -1.1928169464E+01
  3.6590582636E+03 -1.1933677833E+01
  3.6655729155E+03 -1.1939169793E+01
  3.6721025841E+03 -1.1944625307E+01
  3.6786466757E+03 -1.1950027796E+01
  3.6852043425E+03 -1.1955366875E+01
  3.6917745639E+03 -1.1960636291E+01
  3.6983562210E+03 -1.1965832943E+01
  3.7049480284E+03 -1.1970962205E+01
  3.7115485655E+03 -1.1976035873E+01
  3.7181564920E+03 -1.1981064753E+01
  3.7247707195E+03 -1.1986055597E+01
  3.7313904269E+03 -1.1991009103E+01
  3.7380149217E+03 -1.1995922136E+01
  3.7446435763E+03 -1.2000788784E+01
  3.7512757185E+03 -1.2005603844E+01
  3.7579105912E+03 -1.2010363294E+01
  3.7645473762E+03 -1.2015065003E+01
  3.7711851958E+03 -1.2019709731E+01
  3.7778231635E+03 -1.2024300655E+01
  3.7844603563E+03 -1.2028842963E+01
  3.7910958795E+03 -1.2033342065E+01
  3.7977289432E+03 -1.2037801388E+01
  3.8043588357E+03 -1.2042221533E+01
  3.8109849237E+03 -1.2046600619E+01
  3.8176065770E+03 -1.2050936318E+01
  3.8242231461E+03 -1.2055225574E+01
  3.8308339960E+03 -1.2059465826E+01
  3.8374384319E+03 -1.2063656367E+01
  3.8440357412E+03 -1.2067797599E+01
  3.8506252431E+03 -1.2071890714E+01
  3.8572062372E+03 -1.2075938188E+01
  3.8637780763E+03 -1.2079943950E+01
  3.8703401751E+03 -1.2083911218E+01
  3.8768919892E+03 -1.2087842013E+01
  3.8834330424E+03 -1.2091738028E+01
  3.8899628968E+03 -1.2095599405E+01
  3.8964811496E+03 -1.2099425582E+01
  3.9029874046E+03 -1.2103216257E+01
  3.9094812395E+03 -1.2106970520E+01
  3.9159622168E+03 -1.2110688886E+01
  3.9224298631E+03 -1.2114373718E+01
  3.9288836943E+03 -1.2118027926E+01
  3.9353232616E+03 -1.2121654443E+01
  3.9417481545E+03 -1.2125256610E+01
  3.9481580164E+03 -1.2128838120E+01
  3.9545525699E+03 -1.2132401212E+01
  3.9609315899E+03 -1.2135947126E+01
  3.9672948808E+03 -1.2139476478E+01
  3.9736422992E+03 -1.2142988985E+01
  3.9799737328E+03 -1.2146484596E+01
  3.9862890602E+03 -1.2149963117E+01
  3.9925881513E+03 -1.2153423562E+01
  3.9988708736E+03 -1.2156865581E+01
  4.0051370859E+03 -1.2160289119E+01
  4.0113866382E+03 -1.2163693807E+01
  4.0176193733E+03 -1.2167079757E+01
  4.0238351280E+03 -1.2170446632E+01
  4.0300337238E+03 -1.2173794439E+01
  4.0362149720E+03 -1.2177123498E+01
  4.0423787147E+03 -1.2180433828E+01
  4.0485247904E+03 -1.2183725467E+01
  4.0546530318E+03 -1.2186998772E+01
  4.0607632921E+03 -1.2190254148E+01
  4.0668554332E+03 -1.2193491578E+01
  4.0729293175E+03 -1.2196711230E+01
  4.0789848089E+03 -1.2199913148E+01
  4.0850217913E+03 -1.2203097324E+01
  4.0910401468E+03 -1.2206263813E+01
  4.0970397403E+03 -1.2209412368E+01
  4.1030204550E+03 -1.2212543339E+01
  4.1089821961E+03 -1.2215657025E+01
  4.1149248242E+03 -1.2218752979E+01
  4.1208482170E+03 -1.2221831106E+01
  4.1267522697E+03 -1.2224891609E+01
  4.1326368619E+03 -1.2227934717E+01
  4.1385018863E+03 -1.2230960357E+01
  4.1443472175E+03 -1.2233969020E+01
  4.1501727311E+03 -1.2236961628E+01
  4.1559783380E+03 -1.2239938456E+01
  4.1617639558E+03 -1.2242900260E+01
  4.1675294886E+03 -1.2245846640E+01
  4.1732748364E+03 -1.2248778936E+01
  4.1789999465E+03 -1.2251697850E+01
  4.1847047705E+03 -1.2254604296E+01
  4.1903892662E+03 -1.2257496748E+01
  4.1960533734E+03 -1.2260375642E+01
  4.2016970706E+03 -1.2263242200E+01
  4.2073203483E+03 -1.2266097250E+01
  4.2129231718E+03 -1.2268937436E+01
  4.2185055187E+03 -1.2271765634E+01
  4.2240673842E+03 -1.2274581729E+01
  4.2296087534E+03 -1.2277384714E+01
  4.2351295962E+03 -1.2280172592E+01
  4.2406298766E+03 -1.2282948855E+01
  4.2461095748E+03 -1.2285712500E+01
  4.2515686700E+03 -1.2288463988E+01
  4.2570071518E+03 -1.2291200458E+01
  4.2624249758E+03 -1.2293925124E+01
  4.2678221392E+03 -1.2296639026E+01
  4.2731986657E+03 -1.2299337346E+01
  4.2785544946E+03 -1.2302024229E+01
  4.2838896353E+03 -1.2304699290E+01
  4.2892041174E+03 -1.2307363785E+01
  4.2944979280E+03 -1.2310013335E+01
  4.2997710435E+03 -1.2312652000E+01
  4.3050234867E+03 -1.2315281050E+01
  4.3102552987E+03 -1.2317894572E+01
  4.3154664441E+03 -1.2320497935E+01
  4.3206569567E+03 -1.2323092991E+01
  4.3258269389E+03 -1.2325672952E+01
  4.3309763710E+03 -1.2328244241E+01
  4.3361053288E+03 -1.2330808402E+01
  4.3412139206E+03 -1.2333358799E+01
  4.3463021719E+03 -1.2335901855E+01
  4.3513702010E+03 -1.2338439900E+01
  4.3564180825E+03 -1.2340967244E+01
  4.3614458435E+03 -1.2343489230E+01
  4.3664536040E+03 -1.2346009024E+01
  4.3714414797E+03 -1.2348520641E+01
  4.3764094878E+03 -1.2351030535E+01
  4.3813577564E+03 -1.2353542253E+01
  4.3862865208E+03 -1.2356049596E+01
  4.3911959999E+03 -1.2358560046E+01
  4.3960864215E+03 -1.2361076938E+01
  4.4009578934E+03 -1.2363594492E+01
  4.4058103393E+03 -1.2366121653E+01
  4.4106434214E+03 -1.2368654108E+01
  4.4154565859E+03 -1.2371199515E+01
  4.4202495715E+03 -1.2373761446E+01
  4.4250219634E+03 -1.2376335291E+01
  4.4297726406E+03 -1.2378929657E+01
  4.4345000013E+03 -1.2381549162E+01
  4.4392022727E+03 -1.2384188208E+01
  4.4438782582E+03 -1.2386856493E+01
  4.4485280986E+03 -1.2389552152E+01
  4.4531529034E+03 -1.2392283969E+01
  4.4577542621E+03 -1.2395049028E+01
  4.4623337937E+03 -1.2397855998E+01
  4.4668930605E+03 -1.2400710319E+01
  4.4714335046E+03 -1.2403608165E+01
  4.4759563004E+03 -1.2406559236E+01
  4.4804625598E+03 -1.2409560033E+01
  4.4849533049E+03 -1.2412618239E+01
  4.4894294432E+03 -1.2415732745E+01
  4.4938918927E+03 -1.2418912065E+01
  4.4983415915E+03 -1.2422151753E+01
  4.5027793152E+03 -1.2425460055E+01
  4.5072059296E+03 -1.2428840531E+01
  4.5116222737E+03 -1.2432289321E+01
  4.5160291669E+03 -1.2435815619E+01
  4.5204274968E+03 -1.2439414792E+01
  4.5248180205E+03 -1.2443094113E+01
  4.5292016282E+03 -1.2446850942E+01
  4.5335791304E+03 -1.2450692271E+01
  4.5379514263E+03 -1.2454613159E+01
  4.5423193877E+03 -1.2458614672E+01
  4.5466839085E+03 -1.2462701717E+01
  4.5510458498E+03 -1.2466869244E+01
  4.5554060483E+03 -1.2471122952E+01
  4.5597655112E+03 -1.2475456554E+01
  4.5641251056E+03 -1.2479873807E+01
  4.5684856585E+03 -1.2484369196E+01
  4.5728481162E+03 -1.2488946200E+01
  4.5772134215E+03 -1.2493597244E+01
  4.5815823574E+03 -1.2498319949E+01
  4.5859558055E+03 -1.2503119043E+01
  4.5903346201E+03 -1.2507986079E+01
  4.5947196174E+03 -1.2512923122E+01
  4.5991116093E+03 -1.2517924706E+01
  4.6035113260E+03 -1.2522986478E+01
  4.6079194999E+03 -1.2528111598E+01
  4.6123368979E+03 -1.2533293168E+01
  4.6167641819E+03 -1.2538534134E+01
  4.6212020232E+03 -1.2543827203E+01
  4.6256510482E+03 -1.2549169135E+01
  4.6301117912E+03 -1.2554563126E+01
  4.6345848094E+03 -1.2560003546E+01
  4.6390706602E+03 -1.2565487343E+01
  4.6435698813E+03 -1.2571016268E+01
  4.6480829263E+03 -1.2576586615E+01
  4.6526103175E+03 -1.2582194926E+01
  4.6571525189E+03 -1.2587839129E+01
  4.6617099568E+03 -1.2593520397E+01
  4.6662830934E+03 -1.2599233130E+01
  4.6708723418E+03 -1.2604975753E+01
  4.6754781382E+03 -1.2610742885E+01
  4.6801007470E+03 -1.2616536084E+01
  4.6847404642E+03 -1.2622349050E+01
  4.6893975813E+03 -1.2628174687E+01
  4.6940722476E+03 -1.2634008571E+01
  4.6987645433E+03 -1.2639842623E+01
  4.7034744954E+03 -1.2645672095E+01
  4.7082020518E+03 -1.2651486872E+01
  4.7129470779E+03 -1.2657275284E+01
  4.7177092770E+03 -1.2663027756E+01
  4.7224882351E+03 -1.2668733123E+01
  4.7272834701E+03 -1.2674383951E+01
  4.7320945256E+03 -1.2679971098E+01
  4.7369207963E+03 -1.2685488215E+01
  4.7417617122E+03 -1.2690937687E+01
  4.7466168759E+03 -1.2696316758E+01
  4.7514858653E+03 -1.2701635299E+01
  4.7563685201E+03 -1.2706905383E+01
  4.7612648790E+03 -1.2712142414E+01
  4.7661752160E+03 -1.2717369321E+01
  4.7711001696E+03 -1.2722609637E+01
  4.7760405893E+03 -1.2727894505E+01
  4.7809976892E+03 -1.2733258312E+01
  4.7859731409E+03 -1.2738734873E+01
  4.7909688796E+03 -1.2744366369E+01
  4.7959873407E+03 -1.2750201758E+01
  4.8010315176E+03 -1.2756291993E+01
  4.8061048838E+03 -1.2762698115E+01
  4.8112115758E+03 -1.2769490923E+01
  4.8163565298E+03 -1.2776751010E+01
  4.8215455201E+03 -1.2784576077E+01
  4.8267855490E+03 -1.2793075592E+01
  4.8320849183E+03 -1.2802382227E+01
  4.8374535312E+03 -1.2812654010E+01
  4.8429033440E+03 -1.2824076648E+01
  4.8484488994E+03 -1.2836866883E+01
  4.8541077947E+03 -1.2851283941E+01
  4.8599014222E+03 -1.2867623597E+01
  4.8658558265E+03 -1.2886221058E+01
  4.8720023401E+03 -1.2907451776E+01
  4.8783785721E+03 -1.2931712013E+01
  4.8850291413E+03 -1.2959404898E+01
  4.8920057729E+03 -1.2990995897E+01
  4.8993700228E+03 -1.3027043383E+01
  4.9072022023E+03 -1.3068238467E+01
  4.9156115684E+03 -1.3115567066E+01
  4.9247483978E+03 -1.3170328600E+01
  4.9348343433E+03 -1.3235270766E+01
  4.9462791225E+03 -1.3311794546E+01
  4.9596895591E+03 -1.3382111865E+01
  4.9758612583E+03 -1.3414628561E+01
  4.9936788994E+03 -1.3422205550E+01
  5.0118124260E+03 -1.3422236621E+01
  5.0297455715E+03 -1.3422219085E+01
  5.0474076440E+03 -1.3424134681E+01
  5.0648661080E+03 -1.3427839105E+01
  5.0822015456E+03 -1.3432595587E+01
  5.0994682627E+03 -1.3437732479E+01
  5.1166908728E+03 -1.3442837574E+01
  5.1338735592E+03 -1.3447735162E+01
  5.1510107542E+03 -1.3452385432E+01
  5.1680938234E+03 -1.3456808340E+01
  5.1851143978E+03 -1.3461043468E+01
  5.2020656636E+03 -1.3465133056E+01
  5.2189425777E+03 -1.3469109995E+01
  5.2357415086E+03 -1.3473002321E+01
  5.2524600309E+03 -1.3476832088E+01
  5.2690966733E+03 -1.3480615681E+01
  5.2856506660E+03 -1.3484365833E+01
  5.3021217275E+03 -1.3488090695E+01
  5.3185099646E+03 -1.3491797086E+01
  5.3348158057E+03 -1.3495487917E+01
  5.3510397272E+03 -1.3499167898E+01
  5.3671824007E+03 -1.3502839250E+01
  5.3832445546E+03 -1.3506501685E+01
  5.3992269627E+03 -1.3510155511E+01
  5.4151303682E+03 -1.3513799533E+01
  5.4309554426E+03 -1.3517436819E+01
  5.4467029841E+03 -1.3521065704E+01
  5.4623736838E+03 -1.3524683676E+01
  5.4779681485E+03 -1.3528291547E+01
  5.4934870045E+03 -1.3531889626E+01
  5.5089308871E+03 -1.3535476737E+01
  5.5243003595E+03 -1.3539050604E+01
  5.5395958832E+03 -1.3542611589E+01
  5.5548179091E+03 -1.3546159608E+01
  5.5699669059E+03 -1.3549694136E+01
  5.5850433090E+03 -1.3553214083E+01
  5.6000475123E+03 -1.3556719128E+01
  5.6149799229E+03 -1.3560209209E+01
  5.6298408552E+03 -1.3563682757E+01
  5.6446305942E+03 -1.3567138324E+01
  5.6593494085E+03 -1.3570577103E+01
  5.6739975644E+03 -1.3573999896E+01
  5.6885753667E+03 -1.3577403980E+01
  5.7030830370E+03 -1.3580789006E+01
  5.7175207501E+03 -1.3584156994E+01
  5.7318887119E+03 -1.3587506189E+01
  5.7461871240E+03 -1.3590835055E+01
  5.7604161053E+03 -1.3594146491E+01
  5.7745759351E+03 -1.3597438540E+01
  5.7886667234E+03 -1.3600710087E+01
  5.8026885441E+03 -1.3603962815E+01
  5.8166416385E+03 -1.3607197292E+01
  5.8305261660E+03 -1.3610411366E+01
  5.8443422503E+03 -1.3613603982E+01
  5.8580899378E+03 -1.3616778490E+01
  5.8717693883E+03 -1.3619934869E+01
  5.8853808035E+03 -1.3623072935E+01
  5.8989243476E+03 -1.3626192729E+01
  5.9124001921E+03 -1.3629294099E+01
  5.9258084974E+03 -1.3632377270E+01
  5.9391494259E+03 -1.3635442515E+01
  5.9524231468E+03 -1.3638490077E+01
  5.9656298351E+03 -1.3641520230E+01
  5.9787696711E+03 -1.3644533292E+01
  5.9918428421E+03 -1.3647529617E+01
  6.0048495433E+03 -1.3650509586E+01
  6.0177899788E+03 -1.3653473609E+01
  6.0306643616E+03 -1.3656422119E+01
  6.0434729150E+03 -1.3659355573E+01
  6.0562158724E+03 -1.3662274442E+01
  6.0688934781E+03 -1.3665179214E+01
  6.0815059876E+03 -1.3668070382E+01
  6.0940536671E+03 -1.3670948450E+01
  6.1065367940E+03 -1.3673813927E+01
  6.1189556571E+03 -1.3676667326E+01
  6.1313105556E+03 -1.3679509167E+01
  6.1436018000E+03 -1.3682339975E+01
  6.1558297115E+03 -1.3685160280E+01
  6.1679946221E+03 -1.3687970614E+01
  6.1800968742E+03 -1.3690771512E+01
  6.1921368207E+03 -1.3693563508E+01
  6.2041148247E+03 -1.3696347140E+01
  6.2160312593E+03 -1.3699122941E+01
  6.2278865074E+03 -1.3701891444E+01
  6.2396809613E+03 -1.3704653177E+01
  6.2514150227E+03 -1.3707408666E+01
  6.2630891018E+03 -1.3710158426E+01
  6.2747036176E+03 -1.3712902967E+01
  6.2862589971E+03 -1.3715642790E+01
  6.2977556749E+03 -1.3718378387E+01
  6.3091940929E+03 -1.3721110240E+01
  6.3205746999E+03 -1.3723838820E+01
  6.3318979509E+03 -1.3726564588E+01
  6.3431643072E+03 -1.3729287991E+01
  6.3543742354E+03 -1.3732009465E+01
  6.3655282071E+03 -1.3734729433E+01
  6.3766266986E+03 -1.3737448301E+01
  6.3876701904E+03 -1.3740166463E+01
  6.3986591666E+03 -1.3742884297E+01
  6.4095941142E+03 -1.3745602165E+01
  6.4204755234E+03 -1.3748320414E+01
  6.4313038862E+03 -1.3751039376E+01
  6.4420796966E+03 -1.3753759364E+01
  6.4528034499E+03 -1.3756480681E+01
  6.4634756421E+03 -1.3759203609E+01
  6.4740967698E+03 -1.3761928417E+01
  6.4846673299E+03 -1.3764655359E+01
  6.4951878187E+03 -1.3767384673E+01
  6.5056587318E+03 -1.3770116580E+01
  6.5160805638E+03 -1.3772851286E+01
  6.5264538078E+03 -1.3775588984E+01
  6.5367789551E+03 -1.3778329851E+01
  6.5470564948E+03 -1.3781074050E+01
  6.5572869137E+03 -1.3783821733E+01
  6.5674706958E+03 -1.3786573038E+01
  6.5776083222E+03 -1.3789328092E+01
  6.5877002707E+03 -1.3792087011E+01
  6.5977470160E+03 -1.3794849896E+01
  6.6077490285E+03 -1.3797616829E+01
  6.6177067747E+03 -1.3800387853E+01
  6.6276207157E+03 -1.3803162947E+01
  6.6374913050E+03 -1.3805941960E+01
  6.6473189857E+03 -1.3808724515E+01
  6.6571041832E+03 -1.3811509860E+01
  6.6668472962E+03 -1.3814296669E+01
  6.6765486819E+03 -1.3817082824E+01
  6.6862086383E+03 -1.3819865225E+01
  6.6958273833E+03 -1.3822639714E+01
  6.7054050357E+03 -1.3825401194E+01
  6.7149416028E+03 -1.3828143984E+01
  6.7244369796E+03 -1.3830862407E+01
  6.7338909634E+03 -1.3833551472E+01
  6.7433032820E+03 -1.3836207475E+01
  6.7526736320E+03 -1.3838828327E+01
  6.7620017163E+03 -1.3841413485E+01
  6.7712872721E+03 -1.3843963502E+01
  6.7805300829E+03 -1.3846479340E+01
  6.7897299691E+03 -1.3848961715E+01
  6.7988867646E+03 -1.3851410719E+01
  6.8080002846E+03 -1.3853825944E+01
  6.8170702977E+03 -1.3856207191E+01
  6.8260965153E+03 -1.3858555692E+01
  6.8350786083E+03 -1.3860875618E+01
  6.8440162573E+03 -1.3863175484E+01
  6.8529092373E+03 -1.3865469016E+01
  6.8617575266E+03 -1.3867775106E+01
  6.8705614225E+03 -1.3870116641E+01
  6.8793216429E+03 -1.3872518299E+01
  6.8880393885E+03 -1.3875003664E+01
  6.8967163497E+03 -1.3877592193E+01
  6.9053546503E+03 -1.3880296648E+01
  6.9139567327E+03 -1.3883121468E+01
  6.9225252007E+03 -1.3886062393E+01
  6.9310626437E+03 -1.3889107349E+01
  6.9395714684E+03 -1.3892238372E+01
  6.9480537616E+03 -1.3895434146E+01
  6.9565112014E+03 -1.3898672658E+01
  6.9649450210E+03 -1.3901933513E+01
  6.9733560238E+03 -1.3905199597E+01
  6.9817446381E+03 -1.3908457937E+01
  6.9901109941E+03 -1.3911699785E+01
  6.9984550104E+03 -1.3914920098E+01
  7.0067764727E+03 -1.3918116651E+01
  7.0150750988E+03 -1.3921289033E+01
  7.0233505840E+03 -1.3924437741E+01
  7.0316026271E+03 -1.3927563526E+01
  7.0398309425E+03 -1.3930667032E+01
  7.0480352615E+03 -1.3933748746E+01
  7.0562153302E+03 -1.3936809174E+01
  7.0643709072E+03 -1.3939849148E+01
  7.0725017661E+03 -1.3942870121E+01
  7.0806077028E+03 -1.3945874334E+01
  7.0886885472E+03 -1.3948864779E+01
  7.0967441763E+03 -1.3951844929E+01
  7.1047745257E+03 -1.3954818323E+01
  7.1127795943E+03 -1.3957788098E+01
  7.1207594418E+03 -1.3960756618E+01
  7.1287141781E+03 -1.3963725294E+01
  7.1366439482E+03 -1.3966694646E+01
  7.1445489151E+03 -1.3969664566E+01
  7.1524292459E+03 -1.3972634704E+01
  7.1602851035E+03 -1.3975604859E+01
  7.1681166451E+03 -1.3978575258E+01
  7.1759240281E+03 -1.3981546648E+01
  7.1837074181E+03 -1.3984520185E+01
  7.1914669975E+03 -1.3987497133E+01
  7.1992029708E+03 -1.3990478482E+01
  7.2069155622E+03 -1.3993464580E+01
  7.2146050074E+03 -1.3996454912E+01
  7.2222715383E+03 -1.3999448068E+01
  7.2299153664E+03 -1.4002441958E+01
  7.2375366669E+03 -1.4005434182E+01
  7.2451355696E+03 -1.4008422494E+01
  7.2527121570E+03 -1.4011405206E+01
  7.2602664722E+03 -1.4014381467E+01
  7.2677985327E+03 -1.4017351352E+01
  7.2753083488E+03 -1.4020315777E+01
  7.2827959414E+03 -1.4023276288E+01
  7.2902613564E+03 -1.4026234794E+01
  7.2977046748E+03 -1.4029193297E+01
  7.3051260160E+03 -1.4032153665E+01
  7.3125255367E+03 -1.4035117449E+01
  7.3199034249E+03 -1.4038085737E+01
  7.3272598910E+03 -1.4041059053E+01
  7.3345951566E+03 -1.4044037283E+01
  7.3419094425E+03 -1.4047019650E+01
  7.3492029563E+03 -1.4050004738E+01
  7.3564758808E+03 -1.4052990602E+01
  7.3637283643E+03 -1.4055974950E+01
  7.3709605146E+03 -1.4058955420E+01
  7.3781723967E+03 -1.4061929908E+01
  7.3853640359E+03 -1.4064896920E+01
  7.3925354271E+03 -1.4067855888E+01
  7.3996865484E+03 -1.4070807380E+01
  7.4068173796E+03 -1.4073753164E+01
  7.4139279215E+03 -1.4076696083E+01
  7.4210182149E+03 -1.4079639729E+01
  7.4280883549E+03 -1.4082587977E+01
  7.4351384986E+03 -1.4085544436E+01
  7.4421688644E+03 -1.4088511907E+01
  7.4491797221E+03 -1.4091491938E+01
  7.4561713757E+03 -1.4094484566E+01
  7.4631441402E+03 -1.4097488272E+01
  7.4700983165E+03 -1.4100500184E+01
  7.4770341679E+03 -1.4103516480E+01
  7.4839519013E+03 -1.4106532918E+01
  7.4908516563E+03 -1.4109545416E+01
  7.4977335039E+03 -1.4112550588E+01
  7.5045974524E+03 -1.4115546163E+01
  7.5114434633E+03 -1.4118531212E+01
  7.5182714704E+03 -1.4121506152E+01
  7.5250814023E+03 -1.4124472557E+01
  7.5318732024E+03 -1.4127432792E+01
  7.5386468456E+03 -1.4130389566E+01
  7.5454023476E+03 -1.4133345455E+01
  7.5521397675E+03 -1.4136302486E+01
  7.5588592028E+03 -1.4139261847E+01
  7.5655607787E+03 -1.4142223765E+01
  7.5722446338E+03 -1.4145187551E+01
  7.5789109046E+03 -1.4148151829E+01
  7.5855597120E+03 -1.4151114840E+01
  7.5921911525E+03 -1.4154074769E+01
  7.5988052930E+03 -1.4157030072E+01
  7.6054021717E+03 -1.4159979722E+01
  7.6119818043E+03 -1.4162923239E+01
  7.6185441926E+03 -1.4165860620E+01
  7.6250893317E+03 -1.4168792194E+01
  7.6316172177E+03 -1.4171718425E+01
  7.6381278509E+03 -1.4174639788E+01
  7.6446212390E+03 -1.4177556481E+01
  7.6510973960E+03 -1.4180468353E+01
  7.6575563357E+03 -1.4183375115E+01
  7.6639980691E+03 -1.4186276506E+01
  7.6704226037E+03 -1.4189172474E+01
  7.6768299448E+03 -1.4192063281E+01
  7.6832200999E+03 -1.4194949687E+01
  7.6895930830E+03 -1.4197833036E+01
  7.6959489240E+03 -1.4200715106E+01
  7.7022876761E+03 -1.4203597994E+01
  7.7086094209E+03 -1.4206483832E+01
  7.7149142717E+03 -1.4209374576E+01
  7.7212023728E+03 -1.4212271643E+01
  7.7274738954E+03 -1.4215175492E+01
  7.7337290249E+03 -1.4218085777E+01
  7.7399679460E+03 -1.4221001498E+01
  7.7461908336E+03 -1.4223920964E+01
  7.7523978414E+03 -1.4226842025E+01
  7.7585890946E+03 -1.4229762089E+01
  7.7647646822E+03 -1.4232678463E+01
  7.7709246497E+03 -1.4235589043E+01
  7.7770690062E+03 -1.4238491900E+01
  7.7831977319E+03 -1.4241385248E+01
  7.7893107745E+03 -1.4244268221E+01
  7.7954080607E+03 -1.4247140612E+01
  7.8014895110E+03 -1.4250002602E+01
  7.8075550460E+03 -1.4252854845E+01
  7.8136045937E+03 -1.4255698310E+01
  7.8196380965E+03 -1.4258534106E+01
  7.8256555149E+03 -1.4261363418E+01
  7.8316568271E+03 -1.4264187893E+01
  7.8376420307E+03 -1.4267009796E+01
  7.8436111548E+03 -1.4269831247E+01
  7.8495642637E+03 -1.4272653939E+01
  7.8555014442E+03 -1.4275479988E+01
  7.8614228047E+03 -1.4278312200E+01
  7.8673284900E+03 -1.4281152723E+01
  7.8732186835E+03 -1.4284002009E+01
  7.8790935873E+03 -1.4286858997E+01
  7.8849533921E+03 -1.4289721988E+01
  7.8907982618E+03 -1.4292589348E+01
  7.8966283348E+03 -1.4295459017E+01
  7.9024437255E+03 -1.4298327827E+01
  7.9082445163E+03 -1.4301191345E+01
  7.9140307410E+03 -1.4304044237E+01
  7.9198023661E+03 -1.4306881468E+01
  7.9255592895E+03 -1.4309698524E+01
  7.9313013436E+03 -1.4312492328E+01
  7.9370283094E+03 -1.4315261572E+01
  7.9427399408E+03 -1.4318006421E+01
  7.9484359843E+03 -1.4320728781E+01
  7.9541161971E+03 -1.4323432175E+01
  7.9597803778E+03 -1.4326120864E+01
  7.9654283894E+03 -1.4328798182E+01
  7.9710601356E+03 -1.4331469361E+01
  7.9766755669E+03 -1.4334141451E+01
  7.9822747427E+03 -1.4336816516E+01
  7.9878577835E+03 -1.4339495616E+01
  7.9934247884E+03 -1.4342184222E+01
  7.9989759001E+03 -1.4344887453E+01
  8.0045113471E+03 -1.4347606500E+01
  8.0100314097E+03 -1.4350338207E+01
  8.0155363541E+03 -1.4353077662E+01
  8.0210263923E+03 -1.4355818864E+01
  8.0265016683E+03 -1.4358556278E+01
  8.0319622380E+03 -1.4361287111E+01
  8.0374080950E+03 -1.4364011227E+01
  8.0428392301E+03 -1.4366726047E+01
  8.0482556458E+03 -1.4369424141E+01
  8.0536572540E+03 -1.4372103162E+01
  8.0590438714E+03 -1.4374766696E+01
  8.0644153366E+03 -1.4377418685E+01
  8.0697715421E+03 -1.4380061858E+01
  8.0751124514E+03 -1.4382693766E+01
  8.0804380437E+03 -1.4385310697E+01
  8.0857482370E+03 -1.4387913930E+01
  8.0910429129E+03 -1.4390510601E+01
  8.0963220007E+03 -1.4393110291E+01
  8.1015855616E+03 -1.4395717789E+01
  8.1068337807E+03 -1.4398328355E+01
  8.1120668028E+03 -1.4400941403E+01
  8.1172846420E+03 -1.4403571432E+01
  8.1224874436E+03 -1.4406225442E+01
  8.1276755910E+03 -1.4408892157E+01
  8.1328494141E+03 -1.4411560103E+01
  8.1380090345E+03 -1.4414226769E+01
  8.1431544980E+03 -1.4416889728E+01
  8.1482858863E+03 -1.4419537905E+01
  8.1534031813E+03 -1.4422165611E+01
  8.1585061388E+03 -1.4424791165E+01
  8.1635945734E+03 -1.4427438591E+01
  8.1686687240E+03 -1.4430103129E+01
  8.1737290414E+03 -1.4432758254E+01
  8.1787756667E+03 -1.4435396415E+01
  8.1838083889E+03 -1.4438040422E+01
  8.1888271088E+03 -1.4440713654E+01
  8.1938321545E+03 -1.4443411086E+01
  8.1988240638E+03 -1.4446103032E+01
  8.2038031362E+03 -1.4448762365E+01
  8.2087692209E+03 -1.4451384298E+01
  8.2137219004E+03 -1.4453987966E+01
  8.2186608032E+03 -1.4456602831E+01
  8.2235858691E+03 -1.4459254868E+01
  8.2284973689E+03 -1.4461960017E+01
  8.2333958414E+03 -1.4464719168E+01
  8.2382819567E+03 -1.4467527822E+01
  8.2431563556E+03 -1.4470376412E+01
  8.2480196312E+03 -1.4473243555E+01
  8.2528722126E+03 -1.4476104874E+01
  8.2577142378E+03 -1.4478952930E+01
  8.2625457096E+03 -1.4481771202E+01
  8.2673665764E+03 -1.4484523655E+01
  8.2721762591E+03 -1.4487224605E+01
  8.2769739040E+03 -1.4489920108E+01
  8.2817593856E+03 -1.4492577000E+01
  8.2865330144E+03 -1.4495109301E+01
  8.2912939969E+03 -1.4497533854E+01
  8.2960407923E+03 -1.4499937463E+01
  8.3007726544E+03 -1.4502372855E+01
  8.3054895419E+03 -1.4504885509E+01
  8.3101919644E+03 -1.4507490680E+01
  8.3148810345E+03 -1.4510168176E+01
  8.3195579220E+03 -1.4512871578E+01
  8.3242232682E+03 -1.4515588493E+01
  8.3288767564E+03 -1.4518422333E+01
  8.3335185920E+03 -1.4521449708E+01
  8.3381508036E+03 -1.4524578251E+01
  8.3427759298E+03 -1.4527604759E+01
  8.3473946514E+03 -1.4530397825E+01
  8.3520051044E+03 -1.4532989212E+01
  8.3566043797E+03 -1.4535541715E+01
  8.3611903863E+03 -1.4538262985E+01
  8.3657637686E+03 -1.4541151388E+01
  8.3703273392E+03 -1.4544005352E+01
  8.3748825017E+03 -1.4546717008E+01
  8.3794284411E+03 -1.4549261487E+01
  8.3839634545E+03 -1.4551721839E+01
  8.3884850399E+03 -1.4554409452E+01
  8.3929928410E+03 -1.4557522493E+01
  8.3974908978E+03 -1.4560944249E+01
  8.4019835584E+03 -1.4564514620E+01
  8.4064739649E+03 -1.4567972170E+01
  8.4109631252E+03 -1.4571185343E+01
  8.4154488046E+03 -1.4574256665E+01
  8.4199286752E+03 -1.4577265325E+01
  8.4244013863E+03 -1.4580264600E+01
  8.4288659915E+03 -1.4583377463E+01
  8.4333231170E+03 -1.4586593420E+01
  8.4377747659E+03 -1.4589845670E+01
  8.4422215422E+03 -1.4593145782E+01
  8.4466641241E+03 -1.4596330562E+01
  8.4511017627E+03 -1.4599565223E+01
  8.4555325220E+03 -1.4603136215E+01
  8.4599596237E+03 -1.4606803934E+01
  8.4643876022E+03 -1.4610085370E+01
  8.4688159956E+03 -1.4612756753E+01
  8.4732376692E+03 -1.4615389653E+01
  8.4776465413E+03 -1.4618498035E+01
  8.4820458516E+03 -1.4621939857E+01
  8.4864406689E+03 -1.4625426146E+01
  8.4908335736E+03 -1.4628768781E+01
  8.4952231176E+03 -1.4632301352E+01
  8.4996081593E+03 -1.4636224657E+01
  8.5039942600E+03 -1.4639750988E+01
  8.5083836670E+03 -1.4642611399E+01
  8.5127674597E+03 -1.4645604519E+01
  8.5171411538E+03 -1.4648811618E+01
  8.5215093161E+03 -1.4651580577E+01
  8.5258706368E+03 -1.4654473133E+01
  8.5302217673E+03 -1.4658572064E+01
  8.5345758941E+03 -1.4663568370E+01
  8.5389511985E+03 -1.4668615077E+01
  8.5433494202E+03 -1.4673989430E+01
  8.5477631375E+03 -1.4679848351E+01
  8.5521979699E+03 -1.4684508254E+01
  8.5566519354E+03 -1.4688042320E+01
  8.5611060775E+03 -1.4693012041E+01
  8.5655655793E+03 -1.4698736208E+01
  8.5700403388E+03 -1.4700736489E+01
  8.5744979254E+03 -1.4700792047E+01
  8.5789287079E+03 -1.4706870963E+01
  8.5833616050E+03 -1.4712872594E+01
  8.5877478668E+03 -1.4711956123E+01
  8.5921486853E+03 -1.4720203407E+01
  8.5966685258E+03 -1.4721214930E+01
  8.6010042471E+03 -1.4718609915E+01
  8.6054267739E+03 -1.4743734657E+01
  8.6099645904E+03 -1.4728524456E+01
  8.6143420838E+03 -1.4762278889E+01
  8.6192716630E+03 -1.4750538999E+01
  8.6235852358E+03 -1.4770228938E+01
  8.6287962150E+03 -1.4789800620E+01
  8.6331902866E+03 -1.4769963991E+01
  8.6387326529E+03 -1.4882409520E+01
  8.6438668066E+03 -1.4749543276E+01
  8.6493011572E+03 -1.5039569130E+01
  8.6551889420E+03 -1.5153535021E+01
  8.6656326709E+03 -1.5134921795E+01
  8.6758532933E+03 -1.5103759983E+01
  8.6852768502E+03 -1.5063667755E+01
  8.6937064799E+03 -1.5017213619E+01
  8.7013080757E+03 -1.5001101842E+01
  8.7088751044E+03 -1.4987413043E+01
  8.7159231647E+03 -1.4945559463E+01
  8.7223530224E+03 -1.4941348971E+01
  8.7287291539E+03 -1.4907915228E+01
  8.7344826504E+03 -1.4898619109E+01
  8.7401970608E+03 -1.4877078823E+01
  8.7454796497E+03 -1.4864324840E+01
  8.7506744818E+03 -1.4850446640E+01
  8.7555947053E+03 -1.4835397157E+01
  8.7603848451E+03 -1.4828922431E+01
  8.7649977915E+03 -1.4814473330E+01
  8.7695038801E+03 -1.4813481550E+01
  8.7738758988E+03 -1.4802764595E+01
  8.7781893617E+03 -1.4807211828E+01
  8.7824039789E+03 -1.4802004753E+01
  8.7866246472E+03 -1.4810646284E+01
  8.7907752954E+03 -1.4809947715E+01
  8.7950010029E+03 -1.4818775542E+01
  8.7991500536E+03 -1.4821960754E+01
  8.8034294309E+03 -1.4826618101E+01
  8.8076052395E+03 -1.4835289524E+01
  8.8119252535E+03 -1.4834174164E+01
  8.8161678052E+03 -1.4847631936E+01
  8.8204793950E+03 -1.4845731032E+01
  8.8248438443E+03 -1.4855641685E+01
  8.8291331288E+03 -1.4863218246E+01
  8.8335957036E+03 -1.4862448274E+01
  8.8379718569E+03 -1.4877903446E+01
  8.8424095162E+03 -1.4879201252E+01
  8.8469784373E+03 -1.4883797704E+01
  8.8514310986E+03 -1.4899852240E+01
  8.8560341395E+03 -1.4899050472E+01
  8.8607266234E+03 -1.4906676560E+01
  8.8653128807E+03 -1.4923564237E+01
  8.8700802606E+03 -1.4923133056E+01
  8.8749532191E+03 -1.4929840638E+01
  8.8797195262E+03 -1.4949193317E+01
  8.8846494557E+03 -1.4952158910E+01
  8.8897620421E+03 -1.4954232916E+01
  8.8947805057E+03 -1.4975244731E+01
  8.8998851500E+03 -1.4986844834E+01
  8.9052654748E+03 -1.4984761555E+01
  8.9106559702E+03 -1.5001711941E+01
  8.9160183349E+03 -1.5025194305E+01
  8.9216773122E+03 -1.5028571315E+01
  8.9275587528E+03 -1.5034032940E+01
  8.9333861836E+03 -1.5064626164E+01
  8.9394111175E+03 -1.5085983228E+01
  8.9458655659E+03 -1.5086090696E+01
  8.9524607765E+03 -1.5105905661E+01
  8.9590951044E+03 -1.5146758578E+01
  8.9662238531E+03 -1.5166057608E+01
  8.9738782632E+03 -1.5166982614E+01
  8.9816220211E+03 -1.5201844044E+01
  8.9896441724E+03 -1.5250602795E+01
  8.9984896934E+03 -1.5271188429E+01
  9.0080046474E+03 -1.5274758439E+01
  9.0176174925E+03 -1.5325459399E+01
  9.0279305100E+03 -1.5383749232E+01
  9.0395524512E+03 -1.5408433340E+01
  9.0521486970E+03 -1.5421717697E+01
  9.0650662011E+03 -1.5505495644E+01
  9.0799009740E+03 -1.5572987372E+01
  9.0974281081E+03 -1.5587913599E+01
  9.1161759159E+03 -1.5670513412E+01
  9.1377516048E+03 -1.5777556642E+01
  9.1651518585E+03 -1.5805720645E+01
  9.1951661836E+03 -1.5928413868E+01
  9.2325212304E+03 -1.6069226765E+01
  9.2847975603E+03 -1.6166280112E+01
  9.3486730421E+03 -1.6341821430E+01
