7.688999999780208 42.80299920380874 
8.092900000046939 42.8041914683751 
8.094399999827147 42.80413067044229 
8.444099999964237 42.789459537705945 
8.687799999956042 42.79045077832944 
9.108700000215322 42.78125019802191 
9.11019999999553 42.781423998619275 
9.460899999830872 42.77968396005322 
9.462499999906868 42.779363160898455 
10.458399999886751 42.77005586278668 
10.459999999962747 42.769584936408705 
11.093900000210851 42.76193721900568 
11.09539999999106 42.76304102919331 
12.427000000141561 42.747850297426446 
12.45809999993071 42.74126767303483 
12.459700000006706 42.73829100863475 
14.076700000092387 42.7249465242949 
14.078199999872595 42.725377219099734 
18.410500000230968 42.681545009153574 
18.412099999841303 42.683323782797935 
19.270399999804795 42.68698673598173 
19.27210000017658 42.68412155905087 
19.304800000041723 42.68518101532791 
19.30640000011772 42.68774371353615 
19.395500000100583 42.68438018260659 
20.24280000012368 42.67950739319983 
20.245500000193715 42.680342922193255 
21.043599999975413 42.68203017084173 
23.03140000021085 42.66821037338288 
23.410500000230968 42.66646538600088 
23.412099999841303 42.66521746016782 
23.896900000050664 42.6713767039072 
24.38189999992028 42.66122879936648 
24.3835999998264 42.663049181463045 
24.924699999857694 42.66634170675493 
25.027999999932945 42.65288990612603 
26.000200000125915 42.64754117324323 
26.743400000035763 42.6492026922691 
27.000200000125915 42.637823862056486 
27.017599999904633 42.64926459554228 
27.278799999970943 42.64452336489088 
27.28040000004694 42.644305284676 
28.01699999999255 42.6342810976065 
28.879499999806285 42.63539289977985 
29.87790000019595 42.63325445932149 
29.912500000093132 42.63781845500017 
29.914900000207126 42.63542805089822 
30.000200000125915 42.627133702434044 
30.02309999987483 42.634220708347264 
30.98989999992773 42.624118846211445 
30.991500000003725 42.624162725337435 
31.00620000017807 42.61956032637452 
31.939400000032037 42.61728306073856 
32.00639999983832 42.60952759450041 
32.018199999816716 42.61739972548597 
34.91429999982938 42.59313393200355 
34.99990000016987 42.59117185083987 
35.00029999995604 42.59234370332369 
35.01379999984056 42.57904173605865 
35.020399999804795 42.578363752656806 
35.021900000050664 42.57802951013722 
36.00180000020191 42.57880902140023 
37.00169999990612 42.5863151809179 
37.005200000014156 42.580441255142894 
38.00029999995604 42.58028597768926 
38.99580000014976 42.573703676445184 
39.000899999868125 42.582158845381365 
40.001999999862164 42.578933644319704 
40.0276999999769 42.571929428825754 
41.00190000003204 42.565125820522674 
41.00190000003204 42.565125820522674 
42.00290000019595 42.556944595137175 
42.01129999989644 42.54445014274602 
43.000500000081956 42.55794326812299 
43.00300000002608 42.55289617777025 
44.00210000015795 42.54505718819466 
44.022200000006706 42.54307765381445 
45.00039999978617 42.54126856784378 
46.374100000131875 42.52965590115137 
46.89099999982864 42.526179594134625 
47.89089999999851 42.51702998421467 
47.99649999989197 42.51898354578543 
47.99809999996796 42.51960178789238 
48.01619999995455 42.519511377184216 
49.0046999999322 42.51253097970405 
49.98339999979362 42.49830763274782 
50.00480000022799 42.51526170447145 
55.33619999978691 42.48502700257065 
55.33779999986291 42.484824345562416 
55.56440000003204 42.4777090739355 
55.565899999812245 42.47797181619894 
59.29660000000149 42.48253955697336 
59.29829999990761 42.482266178774424 
59.55640000011772 42.47273411854776 
59.558000000193715 42.47485176246254 
63.5570000000298 42.44413471271219 
63.55849999981001 42.44466987950023 
65.52339999983087 42.434834468646656 
65.52499999990687 42.43516967382745 
69.29960000002757 42.405566284828566 
69.30109999980778 42.40371124066101 
73.90730000007898 42.395515173107185 
73.90890000015497 42.395308818046146 
74.92719999980181 42.388045544010915 
74.92879999987781 42.38901208156144 
77.51880000019446 42.372376262495706 
77.5203999998048 42.37402384396684 
78.5262000001967 42.36087909651253 
78.5276999999769 42.36060230134416 
82.27559999981895 42.3343506221299 
82.27710000006482 42.33418292434107 
184.28049999987707 41.31395205918377 
184.28209999995306 41.31009811177769 
185.62800000002608 41.258186786974036 
189.27009999984875 41.23242318763089 
189.27160000009462 41.23403506155033 
189.61200000019744 41.2195241632468 
193.88379999995232 41.21166158527362 
193.88530000019819 41.211961481720614 
194.87910000002012 41.244373828784425 
194.88159999996424 41.24605201191577 
206.86840000003576 41.15572727655771 
206.87089999997988 41.15424816518426 
218.79020000016317 41.076163354454344 
218.79410000005737 41.07646979052627 
229.86230000015348 40.99412966195489 
229.86620000004768 40.99452107789468 
232.88549999985844 40.9467934175758 
232.88950000004843 40.943968326730904 
243.74200000008568 40.831535895478844 
243.74589999997988 40.83493591293979 
260.69409999996424 40.80055290521735 
260.69799999985844 40.80303921361721 
286.8341000000946 40.71890516166331 
286.8379999999888 40.72168758877903 
287.86739999987185 40.729121908715676 
287.87140000006184 40.72882901824909 
313.78140000021085 40.52642483531997 
313.78530000010505 40.53034146620656 
339.7924999999814 40.506487211932 
339.79650000017136 40.50736504107005 
366.2872999999672 40.203709901636046 
366.2911999998614 40.219275912085 
393.03819999983534 40.13850561778977 
393.0421000001952 40.143118790873665 
396.0295000001788 40.142743865353104 
396.03349999990314 40.15647946611708 
396.98279999988154 40.21739543004749 
396.9868000000715 40.28395329065153 
399.36040000012144 40.085204276048685 
399.36430000001565 40.078131912985974 
401.3662000000477 40.06471930222625 
401.370199999772 40.02495001819889 
401.6205000001937 39.97685908868085 
401.6244000000879 39.99015473500893 
