# E(B-V)i = 0.0
# E(B-V)g = 0.194994761858
# Rvi= 3.1
# Rvg= 3.1
# mu= 18.55
# maxref (exp) = 46849.8
# type= IIP
# ph    lgLt    err
	 0.139999 	        40.686 	 0.027 	
	     0.32 	        40.934 	 0.027 	
	 1.149999 	        41.166 	 0.027 	
	 1.509999 	         41.21 	 0.022 	
	     1.52 	        41.214 	 0.022 	
	     2.52 	        41.215 	 0.021 	
	 3.469999 	         41.17 	 0.021 	
	     3.48 	        41.191 	 0.021 	
	 3.539999 	        41.195 	 0.021 	
	     3.78 	        41.181 	 0.021 	
	     4.59 	        41.141 	 0.021 	
	     4.84 	         41.13 	 0.021 	
	     5.49 	        41.103 	 0.021 	
	     5.82 	         41.08 	 0.021 	
	     6.49 	        41.067 	 0.021 	
	     6.84 	        41.071 	 0.021 	
	     7.82 	        41.054 	 0.022 	
	     8.49 	        41.058 	 0.022 	
	     8.81 	        41.058 	 0.022 	
	     9.64 	        41.064 	 0.022 	
	     9.81 	        41.062 	 0.022 	
	    10.47 	        41.063 	 0.022 	
	    10.81 	        41.069 	 0.022 	
	    11.45 	        41.075 	 0.022 	
	    12.47 	        41.087 	 0.022 	
	    13.59 	        41.096 	 0.022 	
	    13.81 	        41.095 	 0.022 	
	    14.45 	        41.102 	 0.022 	
	    14.84 	        41.105 	 0.022 	
	    15.45 	        41.112 	 0.022 	
	    15.83 	        41.113 	 0.022 	
	    16.44 	        41.122 	 0.022 	
	    16.85 	        41.124 	 0.022 	
	    17.45 	        41.137 	 0.022 	
	    18.45 	         41.14 	 0.022 	
	    18.73 	        41.155 	 0.022 	
	    19.75 	        41.148 	 0.022 	
	    20.79 	        41.156 	 0.022 	
	    21.47 	        41.167 	 0.022 	
	    22.45 	        41.175 	 0.022 	
	    23.45 	        41.185 	 0.022 	
	    23.79 	        41.187 	 0.022 	
	    24.44 	        41.201 	 0.022 	
	    24.76 	        41.198 	 0.022 	
	    25.45 	         41.21 	 0.022 	
	    25.77 	        41.208 	 0.022 	
	    26.45 	        41.217 	 0.022 	
	    26.78 	        41.216 	 0.022 	
	    27.44 	        41.223 	 0.022 	
	    28.44 	        41.234 	 0.022 	
	    29.45 	        41.247 	 0.022 	
	    30.44 	        41.253 	 0.022 	
	    30.79 	        41.255 	 0.022 	
	    31.44 	        41.264 	 0.022 	
	    31.78 	        41.266 	 0.022 	
	    32.44 	        41.277 	 0.022 	
	    32.77 	        41.274 	 0.022 	
	    33.79 	        41.288 	 0.022 	
	     34.5 	          41.3 	 0.022 	
	    34.78 	        41.297 	 0.022 	
	    35.44 	        41.309 	 0.022 	
	     35.8 	        41.307 	 0.022 	
	    36.53 	        41.321 	 0.022 	
	     36.8 	        41.321 	 0.022 	
	    37.45 	        41.335 	 0.022 	
	    37.78 	        41.332 	 0.022 	
	    38.44 	        41.346 	 0.022 	
	    39.75 	        41.358 	 0.022 	
	    40.51 	        41.371 	 0.022 	
	    41.59 	        41.389 	 0.022 	
	    41.73 	        41.385 	 0.022 	
	    42.44 	        41.396 	 0.022 	
	    42.73 	        41.394 	 0.022 	
	    43.71 	        41.406 	 0.022 	
	    44.45 	        41.415 	 0.022 	
	    44.73 	        41.417 	 0.022 	
	     45.0 	 41.4411064559 	   0.0 	
	     46.0 	  41.437798567 	   0.0 	
	     47.0 	 41.4344906781 	   0.0 	
	     48.0 	 41.4311827892 	   0.0 	
	     49.0 	 41.4278749003 	   0.0 	
	     50.0 	 41.4245670113 	   0.0 	
	     51.0 	 41.4212591224 	   0.0 	
	     52.0 	 41.4179512335 	   0.0 	
	     53.0 	 41.4146433446 	   0.0 	
	     54.0 	 41.4113354557 	   0.0 	
	     55.0 	 41.4080275668 	   0.0 	
	     56.0 	 41.4047196779 	   0.0 	
	     57.0 	 41.4014117889 	   0.0 	
	     58.0 	    41.3981039 	   0.0 	
	     59.0 	 41.3947960111 	   0.0 	
	     60.0 	 41.3914881222 	   0.0 	
	     61.0 	 41.3881802333 	   0.0 	
	     62.0 	 41.3848723444 	   0.0 	
	     63.0 	 41.3815644555 	   0.0 	
	     64.0 	 41.3782565665 	   0.0 	
	     65.0 	 41.3749486776 	   0.0 	
	     66.0 	 41.3716407887 	   0.0 	
	     67.0 	 41.3683328998 	   0.0 	
	     68.0 	 41.3650250109 	   0.0 	
	     69.0 	  41.361717122 	   0.0 	
	     70.0 	 41.3584092331 	   0.0 	
	     71.0 	 41.3551013442 	   0.0 	
	     72.0 	 41.3517934552 	   0.0 	
	     73.0 	 41.3484855663 	   0.0 	
	     74.0 	 41.3451776774 	   0.0 	
	     75.0 	 41.3418697885 	   0.0 	
	     76.0 	 41.3385618996 	   0.0 	
	     77.0 	 41.3352540107 	   0.0 	
	     78.0 	 41.3319461218 	   0.0 	
	     79.0 	 41.3286382328 	   0.0 	
	     80.0 	 41.3253303439 	   0.0 	
	     81.0 	  41.322022455 	   0.0 	
	     82.0 	 41.3187145661 	   0.0 	
	     83.0 	 41.3154066772 	   0.0 	
	     84.0 	 41.3120987883 	   0.0 	
	     85.0 	 41.3087908994 	   0.0 	
	     86.0 	 41.3054830104 	   0.0 	
	     87.0 	 41.3021751215 	   0.0 	
	     88.0 	 41.2988672326 	   0.0 	
	     89.0 	 41.2955593437 	   0.0 	
	     90.0 	 41.2922514548 	   0.0 	
	     91.0 	 41.2889435659 	   0.0 	
	     92.0 	  41.285635677 	   0.0 	
	     93.0 	  41.282327788 	   0.0 	
	     94.0 	 41.2790198991 	   0.0 	
	     95.0 	 41.2757120102 	   0.0 	
	     96.0 	 41.2724041213 	   0.0 	
	     97.0 	 41.2690962324 	   0.0 	
	     98.0 	 41.2657883435 	   0.0 	
	     99.0 	 41.2624804546 	   0.0 	
	    100.0 	 41.2591725657 	   0.0 	
	    101.0 	 41.2558646767 	   0.0 	
	    102.0 	 41.2525567878 	   0.0 	
	    103.0 	 41.2492488989 	   0.0 	
	    104.0 	   41.24594101 	   0.0 	
	    105.0 	 41.2426331211 	   0.0 	
	    106.0 	 41.2393252322 	   0.0 	
	    107.0 	 41.2360173433 	   0.0 	
	    108.0 	 41.2327094543 	   0.0 	
	    109.0 	 41.2294015654 	   0.0 	
	    110.0 	 41.2260936765 	   0.0 	
	    111.0 	 41.2227857876 	   0.0 	
	    112.0 	 41.2194778987 	   0.0 	
	    113.0 	 41.2161700098 	   0.0 	
	    114.0 	 41.2128621209 	   0.0 	
	    115.0 	 41.2095542319 	   0.0 	
	    116.0 	  41.206246343 	   0.0 	
	    117.0 	 41.2029384541 	   0.0 	
	    118.0 	 41.1996305652 	   0.0 	
	    119.0 	 41.1963226763 	   0.0 	
	    120.0 	 41.1930147874 	   0.0 	
	    121.0 	 41.1897068985 	   0.0 	
	    122.0 	 41.1863990095 	   0.0 	
	    123.0 	 41.1830911206 	   0.0 	
	    124.0 	 41.1797832317 	   0.0 	
	    125.0 	 41.1764753428 	   0.0 	
	    126.0 	 41.1731674539 	   0.0 	
	    127.0 	  41.169859565 	   0.0 	
	    128.0 	 41.1665516761 	   0.0 	
	    129.0 	 41.1632437871 	   0.0 	
	   130.41 	        41.173 	 0.022 	
	   130.67 	        41.158 	 0.022 	
	    131.4 	        41.162 	 0.022 	
	   131.67 	        41.156 	 0.022 	
	   132.12 	        41.154 	 0.022 	
	   132.41 	        41.159 	 0.022 	
	    133.4 	        41.159 	 0.022 	
	   134.87 	        41.149 	 0.022 	
	   135.88 	        41.145 	 0.022 	
	   136.89 	        41.142 	 0.022 	
	   139.86 	        41.139 	 0.022 	
	    140.8 	        41.129 	 0.022 	
	   141.88 	        41.124 	 0.022 	
	   147.88 	          41.1 	 0.022 	
	   148.86 	        41.096 	 0.022 	
	   149.86 	        41.094 	 0.022 	
	    150.8 	        41.091 	 0.022 	
	   155.84 	        41.074 	 0.022 	
	   156.84 	         41.07 	 0.022 	
	    157.1 	        41.061 	 0.022 	
	   157.84 	        41.065 	 0.022 	
	   158.08 	        41.057 	 0.022 	
	   159.09 	        41.052 	 0.022 	
	   159.84 	        41.059 	 0.022 	
	   160.08 	        41.052 	 0.022 	
	   163.86 	        41.046 	 0.022 	
	    164.1 	        41.037 	 0.022 	
	   164.87 	        41.043 	 0.022 	
	   170.72 	        41.024 	 0.022 	
	   171.77 	         41.02 	 0.022 	
	   172.75 	        41.016 	 0.022 	
	   173.86 	        41.016 	 0.022 	
	    175.1 	        41.002 	 0.022 	
	   175.77 	        41.009 	 0.022 	
	   177.08 	        40.995 	 0.022 	
	   177.86 	        41.002 	 0.022 	
	   178.86 	        40.989 	 0.022 	
	   181.82 	        40.988 	 0.022 	
	   183.76 	        40.979 	 0.022 	
	   183.76 	        40.979 	 0.022 	
	   184.79 	        40.974 	 0.022 	
	   188.09 	        40.956 	 0.022 	
	   190.85 	        40.959 	 0.022 	
	   191.74 	         40.96 	 0.022 	
	   192.08 	        40.944 	 0.022 	
	   193.69 	        40.953 	 0.022 	
	   194.73 	        40.947 	 0.022 	
	   195.04 	        40.936 	 0.022 	
	   195.67 	        40.944 	 0.022 	
	   196.69 	        40.944 	 0.022 	
	   197.73 	        40.938 	 0.022 	
	   198.04 	        40.924 	 0.022 	
	   198.86 	        40.928 	 0.022 	
	   199.75 	        40.946 	 0.022 	
	   200.99 	        40.926 	 0.022 	
	    202.8 	        40.921 	 0.022 	
	   204.82 	        40.913 	 0.022 	
	   204.98 	        40.902 	 0.022 	
	   205.77 	         40.91 	 0.022 	
	   205.77 	         40.91 	 0.022 	
	   206.81 	        40.905 	 0.022 	
	   213.82 	        40.886 	 0.022 	
	    215.0 	        40.871 	 0.022 	
	   218.71 	        40.873 	 0.022 	
	   220.69 	        40.867 	 0.022 	
	   221.76 	        40.858 	 0.022 	
	   222.81 	        40.855 	 0.022 	
	   223.82 	         40.85 	 0.022 	
	   224.71 	        40.854 	 0.022 	
	   225.71 	        40.849 	 0.022 	
	   227.61 	        40.841 	 0.022 	
	   228.71 	        40.835 	 0.022 	
	   230.78 	        40.831 	 0.022 	
	   231.74 	        40.824 	 0.022 	
	   232.82 	        40.822 	 0.022 	
	   235.68 	        40.815 	 0.022 	
	   236.72 	        40.812 	 0.022 	
	   238.01 	        40.798 	 0.022 	
	   239.92 	        40.788 	 0.022 	
	   240.77 	        40.802 	 0.022 	
	   245.96 	        40.772 	 0.022 	
	   246.57 	        40.779 	 0.022 	
	   247.02 	        40.767 	 0.022 	
	   248.65 	        40.771 	 0.022 	
	   249.56 	        40.769 	 0.022 	
	   250.66 	        40.762 	 0.022 	
	    251.6 	        40.762 	 0.022 	
	   252.64 	        40.761 	 0.022 	
	   253.64 	        40.757 	 0.022 	
	   253.95 	        40.745 	 0.022 	
	   254.71 	         40.75 	 0.022 	
	   255.64 	        40.747 	 0.022 	
	   256.57 	        40.744 	 0.022 	
	   256.99 	        40.727 	 0.022 	
	   257.78 	        40.738 	 0.022 	
	   258.68 	         40.75 	 0.022 	
	   259.71 	        40.739 	 0.022 	
	   260.55 	        40.732 	 0.022 	
	   260.83 	        40.721 	 0.022 	
	   263.48 	        40.719 	 0.022 	
	   264.49 	        40.718 	 0.022 	
	   265.57 	        40.712 	 0.022 	
	   266.53 	         40.71 	 0.022 	
	   267.89 	        40.695 	 0.022 	
	   268.63 	        40.702 	 0.022 	
	   269.46 	        40.706 	 0.022 	
	   270.58 	        40.697 	 0.022 	
	   271.67 	        40.692 	 0.022 	
	   271.98 	        40.679 	 0.022 	
	   272.65 	        40.689 	 0.022 	
	   273.49 	        40.686 	 0.022 	
	   273.67 	        40.685 	 0.022 	
	   273.96 	        40.672 	 0.022 	
	   274.52 	        40.682 	 0.022 	
	   275.56 	        40.678 	 0.022 	
	   276.65 	        40.671 	 0.022 	
	   277.59 	        40.668 	 0.022 	
	   279.54 	        40.664 	 0.022 	
	   280.94 	        40.651 	 0.022 	
	   281.57 	        40.657 	 0.022 	
	   282.67 	        40.652 	 0.022 	
	   283.62 	        40.649 	 0.022 	
	   285.63 	         40.64 	 0.022 	
	    285.9 	        40.628 	 0.022 	
	   286.59 	        40.634 	 0.022 	
	   288.65 	        40.629 	 0.022 	
	   291.54 	        40.618 	 0.022 	
	   292.59 	        40.614 	 0.022 	
	   293.01 	        40.602 	 0.022 	
	   293.54 	        40.611 	 0.022 	
	   294.56 	        40.607 	 0.022 	
	   295.47 	        40.605 	 0.022 	
	   295.88 	        40.594 	 0.022 	
	   297.53 	        40.601 	 0.022 	
	   297.84 	        40.586 	 0.022 	
	   298.48 	        40.598 	 0.022 	
	   298.97 	        40.582 	 0.022 	
	   299.56 	        40.589 	 0.022 	
	   299.81 	        40.579 	 0.022 	
	   300.95 	        40.574 	 0.022 	
	   301.86 	         40.57 	 0.022 	
	   302.53 	        40.577 	 0.022 	
	   302.63 	        40.577 	 0.022 	
	   303.63 	        40.572 	 0.022 	
	   304.71 	         40.57 	 0.022 	
	   305.64 	        40.564 	 0.022 	
	   306.52 	        40.558 	 0.022 	
	   307.53 	        40.555 	 0.022 	
	    308.5 	        40.555 	 0.022 	
	   308.85 	        40.543 	 0.022 	
	   309.53 	        40.551 	 0.022 	
	   310.57 	        40.546 	 0.022 	
	   312.78 	        40.543 	 0.022 	
	   313.57 	        40.536 	 0.022 	
	   314.59 	        40.533 	 0.022 	
	   315.59 	        40.526 	 0.022 	
	   316.59 	        40.524 	 0.022 	
	   316.81 	        40.513 	 0.022 	
	   317.64 	         40.52 	 0.022 	
	   318.57 	        40.517 	 0.022 	
	   319.69 	        40.513 	 0.022 	
	   320.41 	        40.507 	 0.022 	
	   321.49 	        40.509 	 0.022 	
	   321.82 	        40.498 	 0.022 	
	    322.6 	        40.505 	 0.022 	
	   323.58 	        40.496 	 0.022 	
	    324.6 	        40.492 	 0.022 	
	   325.59 	        40.487 	 0.022 	
	   326.49 	        40.484 	 0.022 	
	   327.52 	        40.479 	 0.022 	
	   328.57 	        40.477 	 0.022 	
	   328.81 	        40.467 	 0.022 	
	    330.8 	        40.459 	 0.022 	
	   332.64 	        40.457 	 0.022 	
	   333.65 	        40.458 	 0.022 	
	   335.66 	        40.447 	 0.022 	
	   336.66 	        40.443 	 0.022 	
	   337.52 	         40.44 	 0.022 	
	   337.79 	        40.431 	 0.022 	
	   338.51 	        40.434 	 0.022 	
	   339.51 	         40.43 	 0.022 	
	   339.82 	        40.423 	 0.022 	
	   341.49 	        40.425 	 0.022 	
	   342.57 	        40.421 	 0.022 	
	   343.52 	        40.417 	 0.022 	
	   344.48 	        40.412 	 0.022 	
	   344.83 	        40.404 	 0.022 	
	    345.5 	        40.409 	 0.022 	
	   345.84 	        40.398 	 0.022 	
	   346.49 	        40.402 	 0.022 	
	   348.64 	        40.394 	 0.022 	
	    348.8 	        40.385 	 0.022 	
	   351.65 	        40.381 	 0.022 	
	   352.64 	         40.38 	 0.022 	
	   353.63 	        40.376 	 0.022 	
	   354.56 	        40.371 	 0.022 	
	   355.61 	        40.358 	 0.022 	
	   355.79 	        40.355 	 0.022 	
	   359.59 	        40.352 	 0.022 	
	   361.82 	        40.333 	 0.022 	
	   362.46 	        40.338 	 0.022 	
	   363.46 	        40.335 	 0.022 	
	   364.46 	        40.329 	 0.022 	
	    365.5 	        40.324 	 0.022 	
	    367.5 	        40.318 	 0.022 	
	   368.76 	        40.306 	 0.022 	
	   369.52 	         40.31 	 0.022 	
	   370.51 	        40.304 	 0.022 	
	   371.74 	        40.293 	 0.022 	
	    373.5 	        40.288 	 0.022 	
	    374.5 	        40.286 	 0.022 	
	   377.77 	        40.265 	 0.022 	
	   380.47 	        40.256 	 0.022 	
	   381.74 	        40.248 	 0.022 	
	   383.48 	        40.247 	 0.022 	
	   385.47 	        40.241 	 0.022 	
	   386.44 	        40.237 	 0.022 	
	   386.73 	        40.229 	 0.022 	
	   387.44 	        40.235 	 0.022 	
	   389.45 	        40.223 	 0.022 	
	   390.45 	         40.22 	 0.022 	
	   390.76 	        40.208 	 0.022 	
	   391.45 	        40.215 	 0.022 	
	   392.45 	        40.211 	 0.022 	
	   393.45 	        40.207 	 0.022 	
	    393.8 	        40.198 	 0.022 	
	   394.45 	        40.202 	 0.022 	
	   395.75 	        40.189 	 0.022 	
	   396.44 	        40.193 	 0.022 	
	   397.44 	        40.189 	 0.022 	
	   398.44 	        40.183 	 0.022 	
	   399.71 	        40.174 	 0.022 	
	   400.44 	        40.174 	 0.022 	
	   401.44 	         40.17 	 0.022 	
	   401.73 	        40.165 	 0.022 	
	   401.73 	        40.165 	 0.022 	
	   402.43 	        40.168 	 0.022 	
	   403.44 	        40.164 	 0.022 	
	   408.75 	        40.134 	 0.022 	
	   409.45 	        40.138 	 0.022 	
	   410.43 	        40.132 	 0.022 	
	   411.56 	        40.128 	 0.022 	
	   412.43 	        40.124 	 0.022 	
	   413.43 	        40.118 	 0.022 	
	   414.43 	        40.099 	 0.022 	
	   415.46 	        40.111 	 0.022 	
	    415.7 	        40.101 	 0.022 	
	   416.48 	        40.108 	 0.022 	
	   417.43 	          40.1 	 0.022 	
	   418.42 	        40.095 	 0.022 	
	   418.72 	         40.09 	 0.022 	
	   420.42 	        40.085 	 0.022 	
	   421.74 	        40.075 	 0.022 	
	   424.43 	         40.07 	 0.022 	
	   425.43 	        40.063 	 0.022 	
	   426.71 	        40.052 	 0.022 	
	   428.43 	         40.05 	 0.022 	
	   429.53 	        40.049 	 0.022 	
	   430.57 	        40.041 	 0.022 	
	   431.44 	        40.037 	 0.022 	
	   432.43 	         40.03 	 0.022 	
	   433.43 	        40.029 	 0.022 	
	   434.42 	        40.023 	 0.022 	
	   436.41 	        40.015 	 0.022 	
	   436.72 	        40.008 	 0.022 	
	   437.41 	        40.007 	 0.022 	
	   438.41 	        40.008 	 0.022 	
	   439.41 	          40.0 	 0.022 	
	   439.71 	        39.993 	 0.022 	
	   440.41 	        39.994 	 0.022 	
	   441.42 	         39.99 	 0.022 	
	   442.42 	        39.975 	 0.022 	
	   447.42 	        39.964 	 0.022 	
	   448.41 	        39.958 	 0.022 	
	   449.44 	        39.951 	 0.022 	
	   455.69 	        39.919 	 0.021 	
	   461.45 	        39.888 	 0.022 	
	   467.45 	        39.863 	 0.021 	
	   471.87 	        39.835 	 0.021 	
	   472.87 	        39.832 	 0.021 	
	    473.4 	        39.834 	 0.021 	
	   476.72 	        39.814 	 0.021 	
	   476.72 	        39.814 	 0.021 	
	   478.41 	         39.81 	 0.021 	
	   479.42 	        39.805 	 0.021 	
	   480.42 	        39.799 	 0.021 	
	   481.41 	        39.793 	 0.021 	
	   484.43 	        39.779 	 0.021 	
	   486.87 	         39.77 	 0.021 	
	   487.83 	         39.76 	 0.021 	
	   493.86 	        39.725 	 0.021 	
	    494.1 	        39.724 	 0.021 	
	   503.85 	        39.685 	 0.021 	
	   504.85 	        39.658 	 0.021 	
	   505.85 	        39.654 	 0.021 	
	   506.83 	        39.654 	 0.021 	
	   509.83 	        39.638 	 0.021 	
	   512.85 	        39.619 	 0.021 	
	   516.12 	        39.598 	 0.021 	
	   517.12 	        39.591 	 0.021 	
	   517.83 	        39.589 	 0.021 	
	   518.08 	        39.585 	 0.021 	
	   518.82 	        39.583 	 0.021 	
	   522.82 	        39.562 	 0.021 	
	   526.09 	        39.535 	 0.021 	
	   526.82 	        39.532 	 0.021 	
	   530.83 	        39.507 	 0.021 	
	    532.1 	        39.496 	 0.021 	
	   534.83 	         39.48 	 0.021 	
	   538.81 	         39.45 	 0.021 	
	   544.84 	        39.408 	 0.021 	
	   548.07 	        39.382 	 0.021 	
	   549.79 	        39.371 	 0.021 	
	   558.75 	        39.309 	 0.021 	
	   562.72 	        39.274 	 0.021 	
	    563.1 	        39.279 	 0.021 	
	   566.69 	        39.243 	 0.021 	
	   569.07 	        39.228 	 0.021 	
	   570.99 	        39.212 	 0.021 	
	   572.69 	        39.198 	 0.021 	
	   575.04 	        39.176 	 0.021 	
	   576.73 	        39.169 	 0.021 	
	   578.81 	        39.155 	 0.021 	
	    580.9 	        39.133 	 0.021 	
	   581.76 	        39.132 	 0.021 	
	   583.88 	        39.108 	 0.021 	
	    586.7 	        39.088 	 0.021 	
	   588.98 	        39.069 	 0.021 	
	   589.76 	        39.069 	 0.021 	
	    593.8 	        39.028 	 0.021 	
	   594.73 	        39.026 	 0.021 	
	   596.84 	        39.004 	 0.021 	
	   598.61 	        38.991 	 0.021 	
	    599.0 	        38.988 	 0.021 	
	   602.98 	         38.96 	 0.021 	
	   603.78 	        38.962 	 0.021 	
	   606.88 	        38.932 	 0.021 	
	   608.66 	        38.916 	 0.021 	
	    609.0 	        38.921 	 0.021 	
	   611.01 	        38.911 	 0.021 	
	   612.62 	        38.896 	 0.021 	
	   615.92 	        38.866 	 0.021 	
	   616.62 	        38.865 	 0.021 	
	   620.67 	        38.838 	 0.021 	
	   620.88 	        38.828 	 0.021 	
	   625.63 	        38.808 	 0.021 	
	   630.66 	         38.78 	 0.021 	
	   634.82 	         38.74 	 0.021 	
	   635.76 	        38.752 	 0.021 	
	   637.92 	        38.721 	 0.021 	
	   637.92 	        38.721 	 0.021 	
	   637.92 	        38.721 	 0.021 	
	   638.92 	        38.713 	 0.021 	
	   638.92 	        38.713 	 0.021 	
	   638.92 	        38.713 	 0.021 	
	   639.95 	        38.706 	 0.021 	
	   639.95 	        38.706 	 0.021 	
	   642.62 	        38.694 	 0.021 	
	   642.86 	        38.701 	 0.021 	
	   642.89 	        38.688 	 0.021 	
	   643.91 	        38.692 	 0.021 	
	   643.93 	        38.681 	 0.021 	
	   647.74 	        38.681 	 0.021 	
	   652.58 	        38.644 	 0.021 	
	   655.93 	        38.593 	 0.021 	
	   657.74 	        38.617 	 0.021 	
	   662.52 	        38.583 	 0.021 	
	   663.79 	        38.563 	 0.021 	
	   667.56 	        38.551 	 0.021 	
	   667.87 	        38.543 	 0.021 	
	   671.55 	        38.526 	 0.021 	
	   674.86 	          38.5 	 0.021 	
	   676.56 	        38.498 	 0.021 	
	    676.8 	        38.481 	 0.021 	
	   680.73 	        38.452 	 0.021 	
	   682.64 	        38.462 	 0.021 	
	   687.57 	         38.43 	 0.021 	
	   689.72 	        38.417 	 0.021 	
	   692.58 	        38.415 	 0.021 	
	   693.72 	        38.392 	 0.021 	
	   698.51 	        38.368 	 0.021 	
	   701.87 	        38.349 	 0.021 	
	   703.51 	         38.36 	 0.021 	
	   709.53 	        38.326 	 0.021 	
	   709.75 	        38.317 	 0.021 	
	   710.76 	        38.312 	 0.021 	
	   711.75 	        38.309 	 0.021 	
	   714.49 	        38.294 	 0.021 	
	   717.75 	        38.278 	 0.021 	
	   718.75 	         38.27 	 0.021 	
	    720.5 	        38.279 	 0.021 	
	   728.77 	        38.218 	 0.021 	
	   729.49 	        38.227 	 0.021 	
	   734.49 	        38.202 	 0.021 	
	   740.51 	        38.186 	 0.021 	
	    744.5 	        38.158 	 0.021 	
	   751.47 	        38.156 	 0.021 	
	   757.47 	        38.112 	 0.021 	
	   759.46 	        38.086 	 0.021 	
	   767.46 	        38.067 	 0.021 	
	   770.71 	         38.07 	 0.021 	
	   770.71 	         38.07 	 0.021 	
	   772.44 	        38.031 	 0.021 	
	   779.46 	        38.015 	 0.021 	
	   784.42 	        37.998 	 0.021 	
	   791.42 	        37.976 	 0.022 	
	   812.67 	        37.932 	 0.025 	
	   1517.2 	        36.494 	 0.023 	
