7.688998999999999917e+00 4.277895988270399386e+01
8.092900000000000205e+00 4.278751781081722072e+01
8.094398999999999234e+00 4.278753087699387692e+01
8.444098999999999577e+00 4.277455138739169627e+01
8.687799000000000049e+00 4.278262399500130897e+01
9.108700000000000685e+00 4.277114196186632711e+01
9.110198999999999714e+00 4.277115435240565233e+01
9.460898999999999504e+00 4.277102648420801501e+01
9.462498999999999327e+00 4.277103946644822940e+01
1.045838999999999963e+01 4.275791019043919050e+01
1.045998999999999945e+01 4.275792250307190301e+01
1.109389999999999965e+01 4.275171865693490503e+01
1.109539000000000009e+01 4.275172973918186159e+01
1.242699999999999960e+01 4.273228546151626261e+01
1.245809000000000033e+01 4.273050040913522452e+01
1.245969999999999978e+01 4.272851153028929616e+01
1.407670000000000066e+01 4.270819856205828557e+01
1.407818999999999932e+01 4.270820797555776949e+01
1.841049999999999898e+01 4.264448310679240706e+01
1.841208999999999918e+01 4.264549095289130776e+01
1.927038999999999902e+01 4.264562151859617956e+01
1.927209999999999823e+01 4.264362954191670241e+01
1.930480000000000018e+01 4.263678281493335476e+01
1.930640000000000001e+01 4.263879030695587602e+01
1.939549999999999841e+01 4.263720640578228682e+01
2.024279999999999902e+01 4.264105567422981835e+01
2.024549999999999983e+01 4.264206763366787101e+01
2.104358999999999824e+01 4.263951961462940687e+01
2.303140000000000143e+01 4.262543010788125031e+01
2.341049999999999898e+01 4.262383321960085425e+01
2.341208999999999918e+01 4.262383903616046155e+01
2.389689999999999870e+01 4.262458637104133885e+01
2.438188999999999851e+01 4.261728297994086034e+01
2.438359000000000165e+01 4.261828883812206925e+01
2.492468999999999824e+01 4.261712251014029817e+01
2.502798999999999907e+01 4.260746563804741527e+01
2.600019999999999953e+01 4.259858924034617900e+01
2.674340000000000117e+01 4.259685237271409619e+01
2.700019999999999953e+01 4.258761015779365522e+01
2.701758999999999844e+01 4.259466103278633398e+01
2.727879000000000076e+01 4.259041852373047732e+01
2.728040000000000020e+01 4.259042315429162073e+01
2.801698999999999984e+01 4.258149313815899006e+01
2.887949000000000055e+01 4.257679760653752510e+01
2.987790000000000035e+01 4.257031249840190412e+01
2.991250000000000142e+01 4.257239682538423153e+01
2.991489999999999938e+01 4.257140266777951609e+01
3.000019999999999953e+01 4.256460973851696394e+01
3.002308999999999983e+01 4.256966511451375368e+01
3.098988999999999905e+01 4.255693191631151251e+01
3.099149999999999849e+01 4.255693557611622424e+01
3.100619999999999976e+01 4.255396897439466386e+01
3.193939999999999912e+01 4.254702654011962437e+01
3.200639000000000323e+01 4.254116959983619495e+01
3.201818999999999704e+01 4.254719473617092262e+01
3.491429000000000116e+01 4.252182945126679670e+01
3.499989999999999668e+01 4.251998089019529914e+01
3.500028999999999968e+01 4.252098157823158431e+01
3.501379000000000019e+01 4.251100538455281708e+01
3.502038999999999902e+01 4.251001701590192283e+01
3.502190000000000225e+01 4.251001967634037726e+01
3.600180000000000291e+01 4.250669452887542832e+01
3.700169000000000352e+01 4.250830239310099756e+01
3.700520000000000209e+01 4.250430786625192781e+01
3.800028999999999968e+01 4.250081370433889560e+01
3.899580000000000268e+01 4.249223358334209166e+01
3.900088999999999828e+01 4.249724063257004048e+01
4.000198999999999927e+01 4.249258774329793198e+01
4.002768999999999977e+01 4.248762132627993537e+01
4.100189999999999912e+01 4.247985960154404239e+01
4.100189999999999912e+01 4.247985960154404239e+01
4.200289999999999679e+01 4.247106561890931431e+01
4.201129000000000246e+01 4.246307546087931684e+01
4.300050000000000239e+01 4.247120682567492622e+01
4.300300000000000011e+01 4.246720961445626585e+01
4.400209999999999866e+01 4.245829761840813887e+01
4.402219999999999800e+01 4.245731898438740615e+01
4.500039000000000300e+01 4.245233569750360658e+01
4.637409999999999854e+01 4.244169403296260157e+01
4.689099000000000217e+01 4.243718657339773159e+01
4.789088999999999885e+01 4.242811422687668710e+01
4.799649000000000143e+01 4.242921041467710808e+01
4.799808999999999770e+01 4.242921186960025892e+01
4.801619000000000170e+01 4.242922832332324390e+01
4.900468999999999653e+01 4.242211347219758011e+01
4.998338999999999999e+01 4.240996672294799907e+01
5.000480000000000302e+01 4.242198516287304955e+01
5.533619000000000199e+01 4.238439801833405340e+01
5.533778999999999826e+01 4.238439931760664336e+01
5.556439999999999912e+01 4.237658334939809635e+01
5.556589000000000311e+01 4.237758455957398951e+01
5.929659999999999798e+01 4.237264801151187044e+01
5.929829000000000150e+01 4.237264942558587677e+01
5.955639999999999645e+01 4.236586579392974983e+01
5.955799999999999983e+01 4.236786713770094082e+01
6.355700000000000216e+01 4.233434960651563017e+01
6.355848999999999904e+01 4.233535095890826483e+01
6.552339000000000624e+01 4.229917748283999401e+01
6.552499000000000251e+01 4.230017900705273348e+01
6.929959999999999809e+01 4.229496306567757102e+01
6.930109000000000208e+01 4.229296463852296029e+01
7.390730000000000643e+01 4.227815794322407328e+01
7.390890000000000271e+01 4.227815986694515260e+01
7.492718999999999596e+01 4.227340173397449519e+01
7.492879000000000644e+01 4.227440371300068733e+01
7.751879999999999882e+01 4.225572316165389708e+01
7.752039000000000613e+01 4.225772527124671996e+01
7.852620000000000289e+01 4.225007759099030835e+01
7.852769000000000688e+01 4.225007962075739698e+01
8.227558999999999401e+01 4.222743389928832869e+01
8.227710000000000434e+01 4.222743615664016659e+01
1.842803999999999860e+02 4.136673435445973013e+01
1.842820000000000107e+02 4.136073491048470174e+01
1.856279999999999859e+02 4.133516740868947892e+01
1.892700000000000102e+02 4.130799005944626145e+01
1.892716000000000065e+02 4.130899031122170584e+01
1.896119999999999948e+02 4.128804172025080277e+01
1.938837000000000046e+02 4.125332915848982651e+01
1.938853000000000009e+02 4.125332914465008116e+01
1.948790999999999940e+02 4.126630343074297258e+01
1.948814999999999884e+02 4.126930332749488173e+01
2.068684000000000083e+02 4.119250716776052457e+01
2.068708000000000027e+02 4.119050619025973958e+01
2.187901999999999987e+02 4.112102019161989830e+01
2.187940999999999860e+02 4.112101761199907912e+01
2.298623000000000047e+02 4.101089546588526247e+01
2.298661999999999921e+02 4.101089239147615473e+01
2.328854000000000042e+02 4.096948609907364158e+01
2.328894999999999982e+02 4.096448280114989160e+01
2.437419999999999902e+02 4.088769391662574293e+01
2.437458000000000027e+02 4.089169087859202989e+01
2.606940000000000168e+02 4.083736965620027348e+01
2.606979000000000042e+02 4.084036721628940114e+01
2.868340999999999781e+02 4.069589484767617193e+01
2.868378999999999905e+02 4.070189421924311546e+01
2.878673000000000002e+02 4.068473308101899022e+01
2.878713999999999942e+02 4.068373247526589864e+01
3.137814000000000192e+02 4.047917251755129087e+01
3.137853000000000065e+02 4.049117294084868490e+01
3.397923999999999864e+02 4.042006114449686294e+01
3.397964999999999804e+02 4.041206018081921769e+01
3.662871999999999844e+02 4.021910209317572793e+01
3.662910999999999717e+02 4.023709750380837846e+01
3.930380999999999858e+02 4.002427295186434719e+01
3.930421000000000049e+02 4.004226606950028611e+01
3.960294999999999845e+02 4.008020873570995235e+01
3.960333999999999719e+02 4.010620226693053780e+01
3.969827000000000226e+02 4.014364077077768655e+01
3.969868000000000166e+02 4.022563408616647962e+01
3.993604000000000269e+02 3.998586553712696201e+01
3.993643000000000143e+02 3.997185953056849428e+01
4.013661999999999921e+02 3.999987242695708289e+01
4.013700999999999794e+02 3.995886680965558213e+01
4.016204999999999927e+02 3.990850793289413190e+01
4.016243999999999801e+02 3.992550237137935909e+01
