3615.74181119	-2.70765555633e-18	
3621.21970027	1.61442085839e-18	
3626.69758935	-1.61119600437e-18	
3632.17547842	5.50335766792e-20	
3637.6533675	4.56967860232e-19	
3643.13125658	-6.68524698002e-19	
3648.60914565	1.17386990737e-18	
3654.08703473	-2.14346257903e-19	
3659.56492381	6.84050766701e-19	
3665.04281289	1.92773721428e-18	
3670.52070196	3.8043044745e-19	
3675.99859104	4.68794226093e-18	
3681.47648012	6.91212204823e-19	
3686.9543692	-1.46094139518e-18	
3692.43225827	1.06135852515e-17	
3697.91014735	2.61030624718e-18	
3703.38803643	1.90791737406e-18	
3708.86592551	1.70062837266e-18	
3714.34381458	8.79023662214e-18	
3719.82170366	6.09554423808e-18	
3725.29959274	5.12972101871e-18	
3730.77748181	1.2877062172e-18	
3736.25537089	6.89765052073e-18	
3741.73325997	2.90420108459e-18	
3747.21114905	3.05071160972e-18	
3752.68903812	2.46174136079e-18	
3758.1669272	5.4640730219e-18	
3763.64481628	7.2208242335e-18	
3769.12270536	3.80062600188e-18	
3774.60059443	1.78505829229e-18	
3780.07848351	6.2254093133e-18	
3785.55637259	3.55082235643e-18	
3791.03426167	5.94888480267e-18	
3796.51215074	7.40102421894e-18	
3801.99003982	5.92472349367e-18	
3807.4679289	3.27654168797e-18	
3812.94581798	4.82492443458e-18	
3818.42370705	3.42951824999e-18	
3823.90159613	3.80921113486e-18	
3829.37948521	5.7687692494e-18	
3834.85737428	9.42031201292e-19	
3840.33526336	1.80411593765e-18	
3845.81315244	1.72150717199e-18	
3851.29104152	3.44327328228e-18	
3856.76893059	4.60214912668e-18	
3862.24681967	3.2030594466e-18	
3867.72470875	3.07785568766e-18	
3873.20259783	-4.45230908075e-19	
3878.6804869	5.55160106196e-19	
3884.15837598	1.02918587301e-18	
3889.63626506	1.84745006596e-18	
3895.11415414	3.92092782648e-19	
3900.59204321	3.91081439278e-18	
3906.06993229	4.78910290001e-18	
3911.54782137	8.67451204356e-19	
3917.02571045	1.08178904157e-18	
3922.50359952	4.85477472639e-18	
3927.9814886	3.86451023337e-18	
3933.45937768	6.38127104708e-18	
3938.93726675	2.97644488386e-18	
3944.41515583	4.41856194446e-18	
3949.89304491	5.09527383233e-18	
3955.37093399	4.80646452356e-18	
3960.84882306	5.93472559111e-18	
3966.32671214	5.70441098157e-18	
3971.80460122	7.98210810796e-18	
3977.2824903	6.72489944389e-18	
3982.76037937	4.82299501958e-18	
3988.23826845	8.02485569757e-18	
3993.71615753	7.82367917793e-18	
3999.19404661	5.58546713594e-18	
4004.67193568	5.9942547779e-18	
4010.14982476	9.5643561432e-18	
4015.62771384	1.02263672019e-17	
4021.10560291	9.03705241903e-18	
4026.58349199	9.27466770779e-18	
4032.06138107	8.47690821458e-18	
4037.53927015	7.9702046759e-18	
4043.01715922	5.6395851863e-18	
4048.4950483	8.33034339043e-18	
4053.97293738	9.36334260506e-18	
4059.45082646	5.63652881559e-18	
4064.92871553	6.78488857912e-18	
4070.40660461	6.94324244447e-18	
4075.88449369	4.15442125286e-18	
4081.36238277	3.37195796489e-18	
4086.84027184	2.60483326215e-18	
4092.31816092	4.15926624189e-18	
4097.79605	6.25423419108e-18	
4103.27393908	7.0507503452e-18	
4108.75182815	5.75207645593e-18	
4114.22971723	7.85304920409e-18	
4119.70760631	4.41872878989e-18	
4125.18549538	5.04253712705e-18	
4130.66338446	8.0443095369e-18	
4136.14127354	6.87703045886e-18	
4141.61916262	7.01904382565e-18	
4147.09705169	7.47479271481e-18	
4152.57494077	6.97829382505e-18	
4158.05282985	3.33909435333e-18	
4163.53071893	9.06213918727e-18	
4169.008608	6.91726193558e-18	
4174.48649708	4.13667972184e-18	
4179.96438616	5.49929277036e-18	
4185.44227524	6.46982553974e-18	
4190.92016431	6.74021518511e-18	
4196.39805339	7.75779370619e-18	
4201.87594247	8.24829866172e-18	
4207.35383155	5.3129976721e-18	
4212.83172062	5.92521641521e-18	
4218.3096097	6.50657967053e-18	
4223.78749878	8.44892059437e-18	
4229.26538785	9.10080546631e-18	
4234.74327693	8.80374325589e-18	
4240.22116601	4.33504364842e-18	
4245.69905509	8.37668535912e-18	
4251.17694416	9.8874384627e-18	
4256.65483324	1.06076921199e-17	
4262.13272232	1.24135194894e-17	
4267.6106114	1.18425726175e-17	
4273.08850047	1.0144715647e-17	
4278.56638955	1.09284809498e-17	
4284.04427863	1.0088979857e-17	
4289.52216771	1.17749694137e-17	
4295.00005678	9.4125221322e-18	
4300.47794586	9.65845755289e-18	
4305.95583494	6.47570068274e-18	
4311.43372401	1.02760592365e-17	
4316.91161309	3.71404197402e-18	
4322.38950217	8.11785446641e-18	
4327.86739125	8.20065020807e-18	
4333.34528032	6.68807946336e-18	
4338.8231694	8.18955892507e-18	
4344.30105848	9.24293266809e-18	
4349.77894756	1.14955031369e-17	
4355.25683663	1.07906070342e-17	
4360.73472571	1.0113748207e-17	
4366.21261479	1.20286785911e-17	
4371.69050387	1.02132378914e-17	
4377.16839294	1.23618101756e-17	
4382.64628202	1.56907830054e-17	
4388.1241711	1.27850080172e-17	
4393.60206018	1.38620927192e-17	
4399.07994925	1.28852800494e-17	
4404.55783833	1.37845252561e-17	
4410.03572741	1.12397949704e-17	
4415.51361648	1.46807059563e-17	
4420.99150556	1.42075471546e-17	
4426.46939464	1.27434541105e-17	
4431.94728372	1.43620078975e-17	
4437.42517279	1.21623436174e-17	
4442.90306187	1.5028972558e-17	
4448.38095095	1.04679060741e-17	
4453.85884003	1.02704132568e-17	
4459.3367291	1.42032597194e-17	
4464.81461818	1.27996053997e-17	
4470.29250726	1.03845101598e-17	
4475.77039634	1.194457077e-17	
4481.24828541	1.1672601965e-17	
4486.72617449	1.0651295653e-17	
4492.20406357	9.43190061679e-18	
4497.68195265	1.17211254256e-17	
4503.15984172	1.47159765886e-17	
4508.6377308	1.44409062443e-17	
4514.11561988	1.31707695078e-17	
4519.59350895	1.29685647553e-17	
4525.07139803	1.19616970775e-17	
4530.54928711	1.58471125799e-17	
4536.02717619	1.60322768584e-17	
4541.50506526	1.58722537117e-17	
4546.98295434	1.89374802026e-17	
4552.46084342	1.70108274959e-17	
4557.9387325	1.86300958711e-17	
4563.41662157	2.18520551552e-17	
4568.89451065	2.490248103e-17	
4574.37239973	2.49703575497e-17	
4579.85028881	2.08758855559e-17	
4585.32817788	2.36879938437e-17	
4590.80606696	2.21053282427e-17	
4596.28395604	1.95024315654e-17	
4601.76184512	1.98235786812e-17	
4607.23973419	2.15655807862e-17	
4612.71762327	1.95349676601e-17	
4618.19551235	1.91526615182e-17	
4623.67340142	1.89105219866e-17	
4629.1512905	2.22941977248e-17	
4634.62917958	2.01568903267e-17	
4640.10706866	1.6704434584e-17	
4645.58495773	2.13011642292e-17	
4651.06284681	1.62462036201e-17	
4656.54073589	1.51893381694e-17	
4662.01862497	1.43247333299e-17	
4667.49651404	1.49424110783e-17	
4672.97440312	1.41637284883e-17	
4678.4522922	1.57218056364e-17	
4683.93018128	1.44988224944e-17	
4689.40807035	1.22612568505e-17	
4694.88595943	1.07059067941e-17	
4700.36384851	1.11922346423e-17	
4705.84173758	1.31179183109e-17	
4711.31962666	1.21042862278e-17	
4716.79751574	1.32575269436e-17	
4722.27540482	9.15578100972e-18	
4727.75329389	9.8110580954e-18	
4733.23118297	7.89789638749e-18	
4738.70907205	1.02307830928e-17	
4744.18696113	7.55385972952e-18	
4749.6648502	1.46317086796e-17	
4755.14273928	1.47507899194e-17	
4760.62062836	1.02718009001e-17	
4766.09851744	9.37367635863e-18	
4771.57640651	1.00470499912e-17	
4777.05429559	9.0162059751e-18	
4782.53218467	8.50579853597e-18	
4788.01007375	8.65593661411e-18	
4793.48796282	5.19652528508e-18	
4798.9658519	4.94096413577e-18	
4804.44374098	3.9830196556e-18	
4809.92163005	8.11798095966e-18	
4815.39951913	5.46107120382e-18	
4820.87740821	4.84795987305e-18	
4826.35529729	6.86254923023e-18	
4831.83318636	6.48562309043e-18	
4837.31107544	7.14037259616e-18	
4842.78896452	8.9406318251e-18	
4848.2668536	8.2859933917e-18	
4853.74474267	9.69785836673e-18	
4859.22263175	1.06465852411e-17	
4864.70052083	1.0339702101e-17	
4870.17840991	1.06980945687e-17	
4875.65629898	1.13801522784e-17	
4881.13418806	1.16710822125e-17	
4886.61207714	1.16221919362e-17	
4892.08996622	1.69066479209e-17	
4897.56785529	1.5097113302e-17	
4903.04574437	1.4667906226e-17	
4908.52363345	1.52541629895e-17	
4914.00152252	1.83149036273e-17	
4919.4794116	1.91043615067e-17	
4924.95730068	1.79264771276e-17	
4930.43518976	2.11488616242e-17	
4935.91307883	2.0281568862e-17	
4941.39096791	2.17555260499e-17	
4946.86885699	1.54445521624e-17	
4952.34674607	1.75019725776e-17	
4957.82463514	1.51500077055e-17	
4963.30252422	1.46525998293e-17	
4968.7804133	1.47529309584e-17	
4974.25830238	1.47865253283e-17	
4979.73619145	1.39365423619e-17	
4985.21408053	1.30004938732e-17	
4990.69196961	1.28290476008e-17	
4996.16985868	1.38052715412e-17	
5001.64774776	9.80571105155e-18	
5007.12563684	1.29693399825e-17	
5012.60352592	1.25394278563e-17	
5018.08141499	1.34662408992e-17	
5023.55930407	1.58535283489e-17	
5029.03719315	1.52261302396e-17	
5034.51508223	1.26885353181e-17	
5039.9929713	1.68038066731e-17	
5045.47086038	1.77959417317e-17	
5050.94874946	1.63350861787e-17	
5056.42663854	1.56542080147e-17	
5061.90452761	1.80126791066e-17	
5067.38241669	1.46336723391e-17	
5072.86030577	1.34629726964e-17	
5078.33819485	1.47223162677e-17	
5083.81608392	1.20238570092e-17	
5089.293973	1.10130798577e-17	
5094.77186208	1.49150355418e-17	
5100.24975115	1.23297166964e-17	
5105.72764023	1.08208250037e-17	
5111.20552931	1.01827311384e-17	
5116.68341839	1.00157132375e-17	
5122.16130746	1.02573543703e-17	
5127.63919654	1.10228830688e-17	
5133.11708562	1.25697665883e-17	
5138.5949747	1.36199630733e-17	
5144.07286377	1.18194329254e-17	
5149.55075285	1.14122864997e-17	
5155.02864193	1.33857827115e-17	
5160.50653101	1.36214816168e-17	
5165.98442008	1.75237378269e-17	
5171.46230916	1.97150548746e-17	
5176.94019824	1.99668633569e-17	
5182.41808732	1.84192869398e-17	
5187.89597639	1.97384298641e-17	
5193.37386547	2.38742124087e-17	
5198.85175455	1.90834881579e-17	
5204.32964362	2.04379480797e-17	
5209.8075327	2.41998551839e-17	
5215.28542178	2.39112906715e-17	
5220.76331086	2.26987292854e-17	
5226.24119993	2.21054267506e-17	
5231.71908901	1.85030509621e-17	
5237.19697809	2.15754556495e-17	
5242.67486717	2.09369867324e-17	
5248.15275624	1.80140238318e-17	
5253.63064532	2.14787686178e-17	
5259.1085344	1.85031732918e-17	
5264.58642348	1.81186755638e-17	
5270.06431255	1.87701084346e-17	
5275.54220163	1.92670462062e-17	
5281.02009071	1.783208215e-17	
5286.49797978	1.84656851163e-17	
5291.97586886	1.97622491766e-17	
5297.45375794	2.36588609355e-17	
5302.93164702	2.1870097914e-17	
5308.40953609	1.75299986e-17	
5313.88742517	1.85522800156e-17	
5319.36531425	1.87444651903e-17	
5324.84320333	1.91236176205e-17	
5330.3210924	1.97682247135e-17	
5335.79898148	2.22195992532e-17	
5341.27687056	1.89877490588e-17	
5346.75475964	1.70869730302e-17	
5352.23264871	1.94479090503e-17	
5357.71053779	1.50999464758e-17	
5363.18842687	9.99123739e-18	
5368.66631595	1.47295306953e-17	
5374.14420502	1.06303819207e-17	
5379.6220941	1.85586826993e-17	
5385.09998318	1.70944847022e-17	
5390.57787225	1.69677563242e-17	
5396.05576133	1.57597978455e-17	
5401.53365041	1.78484560299e-17	
5407.01153949	1.52805603409e-17	
5412.48942856	1.67886867625e-17	
5417.96731764	1.56883658122e-17	
5423.44520672	1.50827421013e-17	
5428.9230958	1.50949920936e-17	
5434.40098487	1.43498334618e-17	
5439.87887395	1.64208007824e-17	
5445.35676303	1.39565639895e-17	
5450.83465211	1.52997344865e-17	
5456.31254118	1.45314379254e-17	
5461.79043026	1.31090130427e-17	
5467.26831934	1.31259471953e-17	
5472.74620842	1.40547893937e-17	
5478.22409749	1.03533965255e-17	
5483.70198657	1.46787174333e-17	
5489.17987565	1.27808931584e-17	
5494.65776472	9.19472489437e-18	
5500.1356538	1.08513037358e-17	
5505.61354288	1.22981272327e-17	
5511.09143196	1.19343300114e-17	
5516.56932103	1.1181699611e-17	
5522.04721011	1.2067132672e-17	
5527.52509919	1.0203175064e-17	
5533.00298827	1.14633065667e-17	
5538.48087734	1.22245465838e-17	
5543.95876642	1.22091159339e-17	
5549.4366555	1.64373562191e-17	
5554.91454458	1.20700168259e-17	
5560.39243365	1.41143466516e-17	
5565.87032273	1.28306539011e-17	
5571.34821181	1.13661745667e-17	
5576.82610089	1.30744215892e-17	
5582.30398996	1.28247506354e-17	
5587.78187904	1.07683914765e-17	
5593.25976812	1.08419147725e-17	
5598.73765719	1.30863666513e-17	
5604.21554627	1.19181679142e-17	
5609.69343535	9.72314452821e-18	
5615.17132443	1.17651850542e-17	
5620.6492135	8.25750257772e-18	
5626.12710258	8.73926637109e-18	
5631.60499166	7.75373062669e-18	
5637.08288074	6.76437246021e-18	
5642.56076981	8.97925837731e-18	
5648.03865889	7.33615461975e-18	
5653.51654797	1.01312338897e-17	
5658.99443705	9.38178579959e-18	
5664.47232612	7.65435588905e-18	
5669.9502152	8.18851947418e-18	
5675.42810428	7.33351077218e-18	
5680.90599335	8.79730111485e-18	
5686.38388243	1.01346076434e-17	
5691.86177151	9.44268991222e-18	
5697.33966059	9.0521120336e-18	
5702.81754966	5.95361534423e-18	
5708.29543874	9.09910379139e-18	
5713.77332782	8.29036091214e-18	
5719.2512169	9.27664544575e-18	
5724.72910597	7.02565095693e-18	
5730.20699505	5.54780470521e-18	
5735.68488413	4.92542616979e-18	
5741.16277321	5.5152780783e-18	
5746.64066228	4.75597748344e-18	
5752.11855136	3.56458814765e-18	
5757.59644044	2.45298928559e-18	
5763.07432952	2.17666117891e-18	
5768.55221859	2.05146630926e-18	
5774.03010767	2.31494017945e-18	
5779.50799675	1.58414269011e-18	
5784.98588582	8.67586246797e-19	
5790.4637749	3.54669208237e-18	
5795.94166398	2.04876635661e-18	
5801.41955306	9.55698244798e-19	
5806.89744213	4.93966601672e-19	
5812.37533121	9.47605230376e-19	
5817.85322029	4.3987117492e-18	
5823.33110937	2.96360374355e-18	
5828.80899844	5.03296115962e-18	
5834.28688752	2.53220581215e-18	
5839.7647766	2.45125275428e-18	
5845.24266568	4.53676648088e-18	
5850.72055475	3.0185479072e-18	
5856.19844383	1.96664664594e-18	
5861.67633291	3.54989412783e-18	
5867.15422199	3.92896279239e-18	
5872.63211106	5.19391382658e-18	
5878.11000014	7.71947777204e-18	
5883.58788922	7.39096895268e-18	
5889.06577829	7.97842732151e-18	
5894.54366737	1.01674890453e-17	
5900.02155645	1.1238589614e-17	
5905.49944553	1.25626177214e-17	
5910.9773346	1.26899316144e-17	
5916.45522368	1.23960129003e-17	
5921.93311276	1.23802646106e-17	
5927.41100184	1.13827974901e-17	
5932.88889091	1.0443951523e-17	
5938.36677999	1.149485841e-17	
5943.84466907	1.09031823935e-17	
5949.32255815	9.23955227924e-18	
5954.80044722	8.90076862592e-18	
5960.2783363	9.24462291561e-18	
5965.75622538	9.53003749417e-18	
5971.23411445	7.49575630246e-18	
5976.71200353	7.8691548281e-18	
5982.18989261	7.33647471105e-18	
5987.66778169	8.36136271079e-18	
5993.14567076	9.364656885e-18	
5998.62355984	9.63122660621e-18	
6004.10144892	9.1758787254e-18	
6009.579338	6.70714146356e-18	
6015.05722707	7.14729497573e-18	
6020.53511615	6.96738775683e-18	
6026.01300523	6.76174552257e-18	
6031.49089431	7.87191381846e-18	
6036.96878338	6.04086193364e-18	
6042.44667246	6.6830764974e-18	
6047.92456154	5.48226827964e-18	
6053.40245062	5.77573208959e-18	
6058.88033969	6.81652213632e-18	
6064.35822877	4.79245359354e-18	
6069.83611785	5.50001853952e-18	
6075.31400692	5.50984683814e-18	
6080.791896	5.0946906668e-18	
6086.26978508	4.23697754536e-18	
6091.74767416	6.30191128619e-18	
6097.22556323	4.4610795549e-18	
6102.70345231	7.31737916382e-18	
6108.18134139	7.88277543133e-18	
6113.65923047	5.70663524113e-18	
6119.13711954	7.65920088144e-18	
6124.61500862	6.24753411059e-18	
6130.0928977	8.76908324851e-18	
6135.57078678	8.6160234596e-18	
6141.04867585	7.7742047067e-18	
6146.52656493	8.44545528417e-18	
6152.00445401	1.31471800738e-17	
6157.48234309	8.79697027213e-18	
6162.96023216	9.40338184419e-18	
6168.43812124	8.82853579768e-18	
6173.91601032	8.61928513951e-18	
6179.39389939	8.82567171447e-18	
6184.87178847	9.22080822379e-18	
6190.34967755	9.03140188113e-18	
6195.82756663	9.19321618988e-18	
6201.3054557	1.19031607547e-17	
6206.78334478	1.04530108361e-17	
6212.26123386	1.20201040701e-17	
6217.73912294	1.2600110252e-17	
6223.21701201	1.33230131529e-17	
6228.69490109	1.44501260217e-17	
6234.17279017	1.50219602712e-17	
6239.65067925	1.50013206694e-17	
6245.12856832	1.54772466808e-17	
6250.6064574	1.38534975832e-17	
6256.08434648	1.62671744667e-17	
6261.56223555	2.1374890379e-17	
6267.04012463	2.42219179e-17	
6272.51801371	3.0474716303e-17	
6277.99590279	3.98908224165e-17	
6283.47379186	4.74240772663e-17	
6288.95168094	5.38722328302e-17	
6294.42957002	5.92551960161e-17	
6299.9074591	6.52448869081e-17	
6305.38534817	7.17959080806e-17	
6310.86323725	7.26294704815e-17	
6316.34112633	6.4515387834e-17	
6321.81901541	6.36363469357e-17	
6327.29690448	5.81332558966e-17	
6332.77479356	4.98813335102e-17	
6338.25268264	4.65149031682e-17	
6343.73057172	4.02090612413e-17	
6349.20846079	3.90230689482e-17	
6354.68634987	3.9778457641e-17	
6360.16423895	3.93435785164e-17	
6365.64212802	4.22064457064e-17	
6371.1200171	4.25493950929e-17	
6376.59790618	4.26730032331e-17	
6382.07579526	3.56188071113e-17	
6387.55368433	3.28855078745e-17	
6393.03157341	2.73974426367e-17	
6398.50946249	2.54777696199e-17	
6403.98735157	1.7950967621e-17	
6409.46524064	1.47095264706e-17	
6414.94312972	1.32150864232e-17	
6420.4210188	1.18798064371e-17	
6425.89890788	9.73419888481e-18	
6431.37679695	8.57899604527e-18	
6436.85468603	9.9808864146e-18	
6442.33257511	1.14250688492e-17	
6447.81046419	1.03704084801e-17	
6453.28835326	7.38043328538e-18	
6458.76624234	1.09505061478e-17	
6464.24413142	1.14385127345e-17	
6469.72202049	1.13827774395e-17	
6475.19990957	1.4761520445e-17	
6480.67779865	2.00197766672e-17	
6486.15568773	2.41399845028e-17	
6491.6335768	2.978642094e-17	
6497.11146588	3.83611612281e-17	
6502.58935496	4.37480852046e-17	
6508.06724404	5.07972572191e-17	
6513.54513311	5.82748379501e-17	
6519.02302219	6.91317176356e-17	
6524.50091127	7.79047451543e-17	
6529.97880035	8.40586464333e-17	
6535.45668942	9.15038621045e-17	
6540.9345785	9.9258255341e-17	
6546.41246758	1.09678407254e-16	
6551.89035666	1.25499019226e-16	
6557.36824573	1.43745492421e-16	
6562.84613481	1.64519430698e-16	
6568.32402389	1.89719291062e-16	
6573.80191296	2.02740814511e-16	
6579.27980204	2.04311229496e-16	
6584.75769112	2.01663240647e-16	
6590.2355802	1.93510433962e-16	
6595.71346927	1.83940137021e-16	
6601.19135835	1.69404302274e-16	
6606.66924743	1.54985442852e-16	
6612.14713651	1.3680206604e-16	
6617.62502558	1.17853724627e-16	
6623.10291466	9.89752867989e-17	
6628.58080374	8.92616568054e-17	
6634.05869282	7.6238887894e-17	
6639.53658189	6.36539999724e-17	
6645.01447097	5.53465031345e-17	
6650.49236005	4.74269300014e-17	
6655.97024912	4.11280352563e-17	
6661.4481382	3.74880803278e-17	
6666.92602728	3.42564506078e-17	
6672.40391636	2.83371702041e-17	
6677.88180543	2.76729604873e-17	
6683.35969451	2.57148225681e-17	
6688.83758359	2.17689269697e-17	
6694.31547267	2.1778002785e-17	
6699.79336174	1.91238981416e-17	
6705.27125082	1.61130391225e-17	
6710.7491399	1.60842033797e-17	
6716.22702898	1.39324193628e-17	
6721.70491805	1.35597637915e-17	
6727.18280713	1.28112566517e-17	
6732.66069621	1.2710845845e-17	
6738.13858529	1.16945678079e-17	
6743.61647436	1.05187450135e-17	
6749.09436344	1.19757015135e-17	
6754.57225252	1.13590046008e-17	
6760.05014159	9.61297499706e-18	
6765.52803067	1.06117508038e-17	
6771.00591975	1.07179154835e-17	
6776.48380883	9.95112191337e-18	
6781.9616979	1.05332525316e-17	
6787.43958698	7.06293317743e-18	
6792.91747606	6.63581542981e-18	
6798.39536514	5.84194160922e-18	
6803.87325421	8.32749451418e-18	
6809.35114329	6.08308150944e-18	
6814.82903237	5.80358570065e-18	
6820.30692145	6.18355246415e-18	
6825.78481052	6.452904065e-18	
6831.2626996	6.25323785957e-18	
6836.74058868	5.90166278591e-18	
6842.21847776	6.52568815259e-18	
6847.69636683	4.21435872479e-18	
6853.17425591	5.70591112569e-18	
6858.65214499	6.69883013264e-18	
6864.13003406	5.0747578372e-18	
6869.60792314	6.02466357085e-18	
6875.08581222	6.56304350987e-18	
6880.5637013	6.29060349359e-18	
6886.04159037	7.17849667021e-18	
6891.51947945	6.54312137381e-18	
6896.99736853	4.24735042539e-18	
6902.47525761	6.31438279694e-18	
6907.95314668	7.10417363269e-18	
6913.43103576	6.77778010738e-18	
6918.90892484	4.70766888531e-18	
6924.38681392	6.93561325162e-18	
6929.86470299	6.579758011e-18	
6935.34259207	5.79966310105e-18	
6940.82048115	5.44812359918e-18	
6946.29837022	6.58467707682e-18	
6951.7762593	6.22914921453e-18	
6957.25414838	7.0827900312e-18	
6962.73203746	8.28818992396e-18	
6968.20992653	8.01926230894e-18	
6973.68781561	6.85123446345e-18	
6979.16570469	6.27944559185e-18	
6984.64359377	4.84218114232e-18	
6990.12148284	6.04090535256e-18	
6995.59937192	6.24989815056e-18	
7001.077261	5.99344016751e-18	
7006.55515008	7.28544260904e-18	
7012.03303915	6.46178337895e-18	
7017.51092823	6.82933838139e-18	
7022.98881731	6.83574454332e-18	
7028.46670639	8.46722789148e-18	
7033.94459546	7.14688712478e-18	
7039.42248454	6.86525667957e-18	
7044.90037362	7.7357464913e-18	
7050.37826269	6.80365740264e-18	
7055.85615177	8.83372917579e-18	
7061.33404085	8.18878044002e-18	
7066.81192993	1.165729304e-17	
7072.289819	1.04863945974e-17	
7077.76770808	1.13619226661e-17	
7083.24559716	1.0091281827e-17	
7088.72348624	1.52477221682e-17	
7094.20137531	1.33129593751e-17	
7099.67926439	1.13170862294e-17	
7105.15715347	1.13020162312e-17	
7110.63504255	9.79956335731e-18	
7116.11293162	1.15926468028e-17	
7121.5908207	9.15014343479e-18	
7127.06870978	9.0807124382e-18	
7132.54659886	1.03615136389e-17	
7138.02448793	1.1233640229e-17	
7143.50237701	1.089721378e-17	
7148.98026609	1.12440335093e-17	
7154.45815516	1.47109250677e-17	
7159.93604424	1.66978105844e-17	
7165.41393332	1.73556160087e-17	
7170.8918224	1.7969486156e-17	
7176.36971147	1.72072933321e-17	
7181.84760055	2.01770061541e-17	
7187.32548963	2.03358489271e-17	
7192.80337871	2.22806582429e-17	
7198.28126778	2.19003858656e-17	
7203.75915686	2.25717630703e-17	
7209.23704594	1.87999933649e-17	
7214.71493502	2.16523558587e-17	
7220.19282409	2.42429665894e-17	
7225.67071317	2.24056783481e-17	
7231.14860225	2.07564932843e-17	
7236.62649133	1.90704181116e-17	
7242.1043804	2.04339574032e-17	
7247.58226948	2.04702571285e-17	
7253.06015856	2.19459534429e-17	
7258.53804763	1.92634883199e-17	
7264.01593671	1.7295445112e-17	
7269.49382579	1.99117677631e-17	
7274.97171487	2.28053044806e-17	
7280.44960394	2.77107681566e-17	
7285.92749302	3.37180798807e-17	
7291.4053821	3.95659968357e-17	
7296.88327118	4.83505267557e-17	
7302.36116025	5.48591578093e-17	
7307.83904933	6.07234124856e-17	
7313.31693841	6.5035720347e-17	
7318.79482749	6.42381992025e-17	
7324.27271656	6.476099974e-17	
7329.75060564	6.39509498473e-17	
7335.22849472	6.73104624175e-17	
7340.70638379	6.52430282746e-17	
7346.18427287	6.1576807008e-17	
7351.66216195	5.54159302452e-17	
7357.14005103	4.98735278803e-17	
7362.6179401	4.83784282397e-17	
7368.09582918	4.82845856004e-17	
7373.57371826	4.60494660788e-17	
7379.05160734	4.01860825396e-17	
7384.52949641	3.54805582859e-17	
7390.00738549	3.46381173364e-17	
7395.48527457	4.01437424402e-17	
7400.96316365	3.70854656397e-17	
7406.44105272	3.78896664862e-17	
7411.9189418	3.27094169984e-17	
7417.39683088	2.67485820942e-17	
7422.87471996	2.67779480521e-17	
7428.35260903	2.53061064576e-17	
7433.83049811	2.49905696115e-17	
7439.30838719	2.28368798482e-17	
7444.78627626	1.66009967226e-17	
7450.26416534	1.54561016258e-17	
7455.74205442	1.4293412576e-17	
7461.2199435	1.53835984963e-17	
7466.69783257	1.69674900223e-17	
7472.17572165	1.42226219179e-17	
7477.65361073	1.30015417015e-17	
7483.13149981	9.8715601944e-18	
7488.60938888	1.08740720881e-17	
7494.08727796	8.173728758e-18	
7499.56516704	1.05007989844e-17	
7505.04305612	7.21446858686e-18	
7510.52094519	8.92957282813e-18	
7515.99883427	8.03431784379e-18	
7521.47672335	3.87366467529e-18	
7526.95461243	4.53960393995e-18	
7532.4325015	5.74135090949e-18	
7537.91039058	4.28729498855e-18	
7543.38827966	4.50319863956e-18	
7548.86616873	8.63282954883e-18	
7554.34405781	1.33162521505e-18	
7559.82194689	4.12821555258e-18	
7565.29983597	8.74538301411e-18	
7570.77772504	5.11337869232e-18	
7576.25561412	2.77754608798e-18	
7581.7335032	1.77312358782e-18	
7587.21139228	1.71014508128e-18	
7592.68928135	3.12551811034e-18	
7598.16717043	1.87379567672e-18	
7603.64505951	5.52658199753e-18	
7609.12294859	5.7814313194e-18	
7614.60083766	2.66623947646e-18	
7620.07872674	2.71889836232e-18	
7625.55661582	5.02714391662e-18	
7631.03450489	4.04660483483e-18	
7636.51239397	6.19183536289e-18	
7641.99028305	3.69583869957e-18	
7647.46817213	6.37037598945e-18	
7652.9460612	3.89067042818e-18	
7658.42395028	4.7413541729e-18	
7663.90183936	4.07882929053e-18	
7669.37972844	1.02525165347e-17	
7674.85761751	8.66960710709e-18	
7680.33550659	9.5155974222e-18	
7685.81339567	7.78075860768e-18	
7691.29128475	7.43259873309e-18	
7696.76917382	5.68094346989e-18	
7702.2470629	9.99100674308e-18	
7707.72495198	1.11588025236e-17	
7713.20284106	7.83863065325e-18	
7718.68073013	8.52655000505e-18	
7724.15861921	8.1114419536e-18	
7729.63650829	7.53817184757e-18	
7735.11439736	8.56571870186e-18	
7740.59228644	8.10657151883e-18	
7746.07017552	8.98656305125e-18	
7751.5480646	7.57393198839e-18	
7757.02595367	4.15085101976e-18	
7762.50384275	5.08734609237e-18	
7767.98173183	1.04185444889e-17	
7773.45962091	1.18679276206e-17	
7778.93750998	7.52421770995e-18	
7784.41539906	1.13877500463e-17	
7789.89328814	5.69021216306e-18	
7795.37117722	7.65925735343e-18	
7800.84906629	8.05364575364e-18	
7806.32695537	1.04306161624e-17	
7811.80484445	1.03144344485e-17	
7817.28273353	6.80497995551e-18	
7822.7606226	4.60753663569e-18	
7828.23851168	4.82235194015e-18	
7833.71640076	5.82925257765e-18	
7839.19428983	5.36618348171e-18	
7844.67217891	5.31172235251e-18	
7850.15006799	4.80890556121e-18	
7855.62795707	3.15296634328e-18	
7861.10584614	2.30049577031e-18	
7866.58373522	1.24948573651e-18	
7872.0616243	5.50406783417e-18	
7877.53951338	8.26790975551e-18	
7883.01740245	5.46526995283e-18	
7888.49529153	4.47953121466e-18	
7893.97318061	3.77899390562e-18	
7899.45106969	3.59671907762e-18	
7904.92895876	8.33505610172e-18	
7910.40684784	6.29008139447e-18	
7915.88473692	8.05270976404e-18	
7921.36262599	8.62519393799e-18	
7926.84051507	5.64491038231e-18	
7932.31840415	6.67984191463e-18	
7937.79629323	7.53116049868e-18	
7943.2741823	4.9268441682e-18	
7948.75207138	5.18487525433e-18	
7954.22996046	5.24018432484e-18	
7959.70784954	4.64888441748e-18	
7965.18573861	3.97125085745e-18	
7970.66362769	4.76346104145e-18	
7976.14151677	4.81018906074e-18	
7981.61940585	6.21873620486e-18	
7987.09729492	5.9008256549e-18	
7992.575184	6.09908857391e-18	
7998.05307308	6.37621866234e-18	
8003.53096216	5.45045297096e-18	
8009.00885123	6.42261902899e-18	
8014.48674031	7.59097806508e-18	
8019.96462939	6.34125861372e-18	
8025.44251846	4.86746325099e-18	
8030.92040754	6.3591175484e-18	
8036.39829662	4.99413104941e-18	
8041.8761857	6.59324394147e-18	
8047.35407477	8.75394677501e-18	
8052.83196385	1.43847946539e-17	
8058.30985293	1.0370994864e-17	
8063.78774201	1.25316010324e-17	
8069.26563108	1.0170646662e-17	
8074.74352016	6.22677205381e-18	
8080.22140924	1.10753355636e-17	
8085.69929832	6.83980189698e-18	
8091.17718739	7.63885338418e-18	
8096.65507647	7.60028328909e-18	
8102.13296555	6.85373220413e-18	
8107.61085463	9.6927008078e-18	
8113.0887437	7.14417921616e-18	
8118.56663278	6.96508938404e-18	
8124.04452186	8.48416806087e-18	
8129.52241093	9.34073681776e-18	
8135.00030001	9.61095645222e-18	
8140.47818909	7.3547398255e-18	
8145.95607817	8.11836958379e-18	
8151.43396724	5.0960432644e-18	
8156.91185632	6.94444254126e-18	
8162.3897454	8.53928721218e-18	
8167.86763448	7.69315766435e-18	
8173.34552355	7.25002760679e-18	
8178.82341263	7.24744547456e-18	
8184.30130171	5.16630609853e-18	
8189.77919079	5.79662445969e-18	
8195.25707986	6.18668551652e-18	
8200.73496894	7.9731797509e-18	
8206.21285802	1.04436632582e-17	
8211.6907471	5.52200390251e-18	
8217.16863617	6.30863933894e-18	
8222.64652525	8.26067934389e-18	
8228.12441433	4.28757956939e-18	
8233.6023034	5.05561693637e-18	
8239.08019248	9.1698692652e-18	
8244.55808156	1.00591685442e-17	
8250.03597064	6.15115018298e-18	
8255.51385971	6.30377184544e-18	
8260.99174879	3.65267591054e-18	
8266.46963787	4.74629875869e-18	
8271.94752695	8.92713607478e-18	
8277.42541602	8.11301721206e-18	
8282.9033051	3.40597186104e-18	
8288.38119418	9.86546124944e-20	
8293.85908326	3.76497338402e-18	
8299.33697233	5.90800543409e-18	
8304.81486141	5.03225109043e-18	
8310.29275049	2.93450492276e-18	
8315.77063956	2.79066924451e-18	
8321.24852864	2.81104024595e-18	
8326.72641772	2.71833432298e-18	
8332.2043068	6.81624661158e-18	
8337.68219587	7.97056618666e-18	
8343.16008495	9.76303824955e-18	
8348.63797403	8.84636385006e-18	
8354.11586311	5.56711517589e-18	
8359.59375218	5.09906402517e-18	
8365.07164126	2.24322032151e-18	
8370.54953034	5.15536053881e-18	
8376.02741942	1.63031826986e-18	
8381.50530849	1.62136726163e-18	
8386.98319757	2.78548916034e-18	
8392.46108665	5.38511558799e-18	
8397.93897573	5.56704810919e-18	
8403.4168648	2.68070923401e-18	
8408.89475388	3.57085821716e-18	
8414.37264296	3.20683512199e-18	
8419.85053203	2.43618757683e-18	
8425.32842111	5.95732122765e-18	
8430.80631019	5.88582514436e-18	
8436.28419927	3.79614818531e-18	
8441.76208834	3.29015796705e-18	
8447.23997742	4.403862622e-18	
8452.7178665	1.00206670399e-17	
8458.19575558	1.02709538163e-17	
8463.67364465	1.29460968042e-17	
8469.15153373	8.19544705368e-18	
8474.62942281	7.27796533353e-18	
8480.10731189	1.08819302525e-17	
8485.58520096	1.07430972398e-17	
8491.06309004	1.15864361918e-17	
8496.54097912	1.49501210443e-17	
8502.0188682	1.53588860485e-17	
8507.49675727	1.15215723906e-17	
8512.97464635	1.10772524773e-17	
8518.45253543	1.03661935273e-17	
8523.9304245	6.56768057825e-18	
8529.40831358	1.18018660496e-17	
8534.88620266	9.92669210523e-18	
8540.36409174	1.0820313343e-17	
8545.84198081	1.25344425667e-17	
8551.31986989	1.26015142845e-17	
8556.79775897	1.04851517503e-17	
8562.27564805	1.28825425166e-17	
8567.75353712	1.8891669734e-17	
8573.2314262	2.00442814563e-17	
8578.70931528	2.19069410903e-17	
8584.18720436	1.58482456364e-17	
8589.66509343	1.55506755162e-17	
8595.14298251	1.62581893977e-17	
8600.62087159	1.58730866952e-17	
8606.09876066	1.97624405207e-17	
8611.57664974	2.07419415485e-17	
8617.05453882	1.99179795582e-17	
8622.5324279	1.37332693073e-17	
8628.01031697	1.41684758759e-17	
8633.48820605	1.66570238938e-17	
8638.96609513	1.65117591979e-17	
8644.44398421	1.63411144775e-17	
8649.92187328	1.88682072564e-17	
8655.39976236	1.95541260779e-17	
8660.87765144	1.65768399134e-17	
8666.35554052	1.84997932794e-17	
8671.83342959	2.25105590085e-17	
8677.31131867	2.59607073198e-17	
8682.78920775	2.87802583965e-17	
8688.26709683	3.00982989401e-17	
8693.7449859	2.5672435382e-17	
8699.22287498	2.59074211151e-17	
8704.70076406	2.34776266905e-17	
8710.17865313	2.47512295107e-17	
8715.65654221	2.90339828862e-17	
8721.13443129	2.49228483232e-17	
8726.61232037	2.71002984241e-17	
8732.09020944	2.64694945051e-17	
8737.56809852	2.12575363914e-17	
8743.0459876	1.81850578463e-17	
8748.52387668	2.37801176536e-17	
8754.00176575	2.7972366148e-17	
8759.47965483	2.88436632864e-17	
8764.95754391	2.20249918948e-17	
8770.43543299	2.05045881493e-17	
8775.91332206	1.66183506745e-17	
8781.39121114	1.32382132481e-17	
8786.86910022	1.82191214075e-17	
8792.3469893	1.77799133355e-17	
8797.82487837	1.57454926043e-17	
8803.30276745	1.88925346608e-17	
8808.78065653	8.86477369992e-18	
8814.2585456	1.39738444962e-17	
8819.73643468	1.05363420325e-17	
8825.21432376	8.89015910211e-18	
8830.69221284	1.93455425647e-17	
8836.17010191	1.50305333067e-17	
8841.64799099	1.07751054601e-17	
8847.12588007	1.45596346704e-17	
8852.60376915	1.11659551086e-17	
8858.08165822	1.13010794008e-17	
8863.5595473	1.66205668334e-17	
8869.03743638	1.19085339462e-17	
8874.51532546	1.09041978743e-17	
8879.99321453	6.51767403787e-18	
8885.47110361	6.61720572333e-18	
8890.94899269	5.91800715598e-18	
8896.42688176	1.01105225689e-17	
8901.90477084	1.23239079637e-17	
8907.38265992	9.34553013512e-18	
8912.860549	6.68443929588e-18	
8918.33843807	4.79834249701e-18	
8923.81632715	7.31362563562e-18	
8929.29421623	6.08414054662e-18	
8934.77210531	1.39563104565e-17	
8940.24999438	1.0036197397e-17	
8945.72788346	6.81364444821e-18	
8951.20577254	5.30158755909e-19	
8956.68366162	4.75083734382e-18	
8962.16155069	9.20685919586e-18	
8967.63943977	8.71495939443e-18	
8973.11732885	8.73655267113e-18	
8978.59521793	9.29958963871e-18	
8984.073107	1.24313947602e-17	
8989.55099608	6.95413138303e-18	
8995.02888516	9.36586753645e-18	
9000.50677423	7.89644324902e-18	
9005.98466331	8.18396733684e-18	
9011.46255239	1.09426664572e-17	
9016.94044147	7.34466103626e-18	
9022.41833054	9.24550941698e-18	
9027.89621962	1.19272388847e-17	
9033.3741087	1.16478798122e-17	
9038.85199778	6.0720111473e-18	
9044.32988685	5.38637349093e-18	
9049.80777593	8.07879604202e-18	
9055.28566501	1.13355765508e-17	
9060.76355409	1.10816391757e-17	
9066.24144316	1.21682928994e-17	
9071.71933224	1.10947460866e-17	
9077.19722132	8.83718514836e-18	
9082.6751104	8.88526638414e-18	
9088.15299947	1.11885315402e-17	
9093.63088855	1.33804175237e-17	
9099.10877763	7.42511011464e-18	
9104.5866667	7.73089456432e-18	
9110.06455578	6.59118283887e-18	
9115.54244486	7.48750514328e-18	
9121.02033394	1.41252379511e-17	
9126.49822301	7.46204835308e-18	
9131.97611209	2.1892678462e-18	
9137.45400117	5.83086292975e-18	
9142.93189025	6.46061179844e-18	
9148.40977932	1.12211926754e-17	
9153.8876684	9.5801902976e-18	
9159.36555748	1.17928044845e-17	
9164.84344656	8.59928393429e-18	
9170.32133563	0.0	
