3626.11263532	2.73955730295e-17	
3631.58944655	1.79998145494e-17	
3637.06625778	7.86047869444e-18	
3642.54306902	1.32674322036e-17	
3648.01988025	-1.6896420322e-18	
3653.49669148	3.64864712823e-17	
3658.97350271	5.79577024496e-17	
3664.45031395	3.09849541046e-17	
3669.92712518	3.02072912591e-17	
3675.40393641	1.30133434156e-17	
3680.88074765	1.93342902847e-17	
3686.35755888	4.9053185522e-17	
3691.83437011	2.67859193556e-17	
3697.31118135	7.48024897439e-18	
3702.78799258	5.0908089442e-17	
3708.26480381	2.56896743054e-17	
3713.74161505	4.44182730915e-17	
3719.21842628	3.01273844174e-17	
3724.69523751	1.50472895674e-17	
3730.17204875	3.1478142486e-17	
3735.64885998	1.54512972988e-17	
3741.12567121	4.20071391721e-17	
3746.60248244	1.11487569543e-17	
3752.07929368	1.42545833426e-17	
3757.55610491	2.0928773541e-17	
3763.03291614	2.64435471219e-17	
3768.50972738	4.43149575751e-17	
3773.98653861	2.42385215036e-17	
3779.46334984	2.46093589995e-17	
3784.94016108	3.00429173322e-17	
3790.41697231	3.03792385132e-17	
3795.89378354	4.71258888251e-17	
3801.37059478	3.59003699993e-17	
3806.84740601	2.82026607522e-17	
3812.32421724	2.39213976196e-17	
3817.80102848	3.42732899001e-17	
3823.27783971	3.81549853112e-17	
3828.75465094	2.73821667148e-17	
3834.23146217	2.16916320919e-17	
3839.70827341	4.1375191432e-18	
3845.18508464	3.88540125121e-17	
3850.66189587	1.74623621077e-17	
3856.13870711	1.51375285588e-17	
3861.61551834	3.31217872371e-17	
3867.09232957	2.0421868047e-17	
3872.56914081	3.29343714317e-17	
3878.04595204	1.54543305759e-17	
3883.52276327	1.63231122441e-17	
3888.99957451	4.49075982234e-17	
3894.47638574	1.93960361992e-17	
3899.95319697	2.58928099158e-17	
3905.43000821	4.5805210593e-17	
3910.90681944	2.00518823209e-17	
3916.38363067	3.00445005614e-17	
3921.8604419	3.31010126373e-17	
3927.33725314	3.00593005325e-17	
3932.81406437	3.58544601829e-17	
3938.2908756	4.95752104346e-17	
3943.76768684	4.48606484447e-17	
3949.24449807	3.81209900101e-17	
3954.7213093	3.87761020292e-17	
3960.19812054	5.05988018128e-17	
3965.67493177	4.14757908747e-17	
3971.151743	4.41821990919e-17	
3976.62855424	6.11955557232e-17	
3982.10536547	5.86613713803e-17	
3987.5821767	5.94290030163e-17	
3993.05898793	6.77969966778e-17	
3998.53579917	6.85404845391e-17	
4004.0126104	8.71882674143e-17	
4009.48942163	9.79901512738e-17	
4014.96623287	8.61443523179e-17	
4020.4430441	7.76556289017e-17	
4025.91985533	8.01963833534e-17	
4031.39666657	7.1952444604e-17	
4036.8734778	7.86242317097e-17	
4042.35028903	6.85386805859e-17	
4047.82710027	6.46990954505e-17	
4053.3039115	5.72492409538e-17	
4058.78072273	4.11254276217e-17	
4064.25753397	4.63408320498e-17	
4069.7343452	5.5771155306e-17	
4075.21115643	5.17969941523e-17	
4080.68796766	4.40978292661e-17	
4086.1647789	5.16460147961e-17	
4091.64159013	4.77505502022e-17	
4097.11840136	4.18706450532e-17	
4102.5952126	4.00335195945e-17	
4108.07202383	6.52461525068e-17	
4113.54883506	5.97667312977e-17	
4119.0256463	5.65994998e-17	
4124.50245753	5.1361887505e-17	
4129.97926876	4.6499291344e-17	
4135.45608	6.28651156792e-17	
4140.93289123	6.55763833935e-17	
4146.40970246	6.87131654216e-17	
4151.8865137	6.39580032825e-17	
4157.36332493	6.06963348765e-17	
4162.84013616	6.88802112203e-17	
4168.31694739	6.66713958031e-17	
4173.79375863	7.86772307401e-17	
4179.27056986	6.42480532885e-17	
4184.74738109	5.99676536295e-17	
4190.22419233	7.06837994859e-17	
4195.70100356	7.00290817603e-17	
4201.17781479	6.63451216623e-17	
4206.65462603	6.360960091e-17	
4212.13143726	5.94648292695e-17	
4217.60824849	6.03912532093e-17	
4223.08505973	6.56758438819e-17	
4228.56187096	5.03819842679e-17	
4234.03868219	4.54014622234e-17	
4239.51549342	6.89335800094e-17	
4244.99230466	7.17165612133e-17	
4250.46911589	7.68617604778e-17	
4255.94592712	7.02618510094e-17	
4261.42273836	7.02790046552e-17	
4266.89954959	7.38741843955e-17	
4272.37636082	7.61956473239e-17	
4277.85317206	8.09368958071e-17	
4283.32998329	7.35716250757e-17	
4288.80679452	6.80556251952e-17	
4294.28360576	6.64376151093e-17	
4299.76041699	6.03893272359e-17	
4305.23722822	3.97253400701e-17	
4310.71403946	5.39485193131e-17	
4316.19085069	5.95929447687e-17	
4321.66766192	5.47297834722e-17	
4327.14447315	5.8458009114e-17	
4332.62128439	6.10092596553e-17	
4338.09809562	6.20023111023e-17	
4343.57490685	5.19530425175e-17	
4349.05171809	6.60000722314e-17	
4354.52852932	7.55477585689e-17	
4360.00534055	7.51782601152e-17	
4365.48215179	7.95788943971e-17	
4370.95896302	8.12426046136e-17	
4376.43577425	8.35658178848e-17	
4381.91258549	8.41408354294e-17	
4387.38939672	1.00071530266e-16	
4392.86620795	1.05801354336e-16	
4398.34301919	9.63175509147e-17	
4403.81983042	9.17861751753e-17	
4409.29664165	1.04075315453e-16	
4414.77345288	9.75977010506e-17	
4420.25026412	9.34515905119e-17	
4425.72707535	9.15430689515e-17	
4431.20388658	8.33313857033e-17	
4436.68069782	9.06988370383e-17	
4442.15750905	7.87740067703e-17	
4447.63432028	8.12035269791e-17	
4453.11113152	8.44392619434e-17	
4458.58794275	8.54447490171e-17	
4464.06475398	8.37096362955e-17	
4469.54156522	8.61581104947e-17	
4475.01837645	7.99380708559e-17	
4480.49518768	7.59167908997e-17	
4485.97199892	8.42817503718e-17	
4491.44881015	8.89882709512e-17	
4496.92562138	1.03194587195e-16	
4502.40243261	9.12418735038e-17	
4507.87924385	1.21154156421e-16	
4513.35605508	1.20005189676e-16	
4518.83286631	1.28358684608e-16	
4524.30967755	1.35608519698e-16	
4529.78648878	1.26052603977e-16	
4535.26330001	1.31161151252e-16	
4540.74011125	1.41538786535e-16	
4546.21692248	1.49391244479e-16	
4551.69373371	1.44809314459e-16	
4557.17054495	1.4772628696e-16	
4562.64735618	1.47951561436e-16	
4568.12416741	1.48674896315e-16	
4573.60097864	1.6811046363e-16	
4579.07778988	1.68932364562e-16	
4584.55460111	1.69811116725e-16	
4590.03141234	1.76774930527e-16	
4595.50822358	1.77485106512e-16	
4600.98503481	1.88367122581e-16	
4606.46184604	1.8284429154e-16	
4611.93865728	1.86997594361e-16	
4617.41546851	1.84030710684e-16	
4622.89227974	1.75345939015e-16	
4628.36909098	1.91302941901e-16	
4633.84590221	2.07495323899e-16	
4639.32271344	2.08294263702e-16	
4644.79952468	1.97948587735e-16	
4650.27633591	2.07186845302e-16	
4655.75314714	1.91094286524e-16	
4661.22995837	1.75117934913e-16	
4666.70676961	1.78754156678e-16	
4672.18358084	1.87917538645e-16	
4677.66039207	1.85071380839e-16	
4683.13720331	1.79654172757e-16	
4688.61401454	1.70764668492e-16	
4694.09082577	1.58467181559e-16	
4699.56763701	1.51192675232e-16	
4705.04444824	1.48408384457e-16	
4710.52125947	1.51321355077e-16	
4715.99807071	1.38117002682e-16	
4721.47488194	1.42506194304e-16	
4726.95169317	1.23508330042e-16	
4732.42850441	1.23471234439e-16	
4737.90531564	1.32376554252e-16	
4743.38212687	1.20155324159e-16	
4748.8589381	1.14985675625e-16	
4754.33574934	1.17333561331e-16	
4759.81256057	1.02020584498e-16	
4765.2893718	1.00622443599e-16	
4770.76618304	8.22129770307e-17	
4776.24299427	7.92476900904e-17	
4781.7198055	7.78270285698e-17	
4787.19661674	6.4664777239e-17	
4792.67342797	5.68090667804e-17	
4798.1502392	6.58525646805e-17	
4803.62705044	6.01739372554e-17	
4809.10386167	6.22105897662e-17	
4814.5806729	6.26816214636e-17	
4820.05748413	6.43902300429e-17	
4825.53429537	6.77297359542e-17	
4831.0111066	6.35374466764e-17	
4836.48791783	7.73760594233e-17	
4841.96472907	8.04264614498e-17	
4847.4415403	8.55387011356e-17	
4852.91835153	8.32215655417e-17	
4858.39516277	9.07373771812e-17	
4863.871974	1.04378742596e-16	
4869.34878523	1.10095665476e-16	
4874.82559647	1.33290229807e-16	
4880.3024077	1.47396732906e-16	
4885.77921893	1.64150110668e-16	
4891.25603017	1.6479476479e-16	
4896.7328414	1.78906398181e-16	
4902.20965263	1.77607731322e-16	
4907.68646386	1.86880440666e-16	
4913.1632751	1.66863671797e-16	
4918.64008633	1.71160838105e-16	
4924.11689756	1.72420195147e-16	
4929.5937088	1.63769198396e-16	
4935.07052003	1.74197407296e-16	
4940.54733126	1.68526504724e-16	
4946.0241425	1.63095241249e-16	
4951.50095373	1.74276814795e-16	
4956.97776496	1.8104905944e-16	
4962.4545762	1.84289677325e-16	
4967.93138743	1.93171518348e-16	
4973.40819866	1.98943226257e-16	
4978.8850099	2.03909135256e-16	
4984.36182113	1.897731148e-16	
4989.83863236	1.79524329843e-16	
4995.31544359	1.80670566202e-16	
5000.79225483	1.74919809094e-16	
5006.26906606	1.62013504905e-16	
5011.74587729	1.62786671972e-16	
5017.22268853	1.50757301044e-16	
5022.69949976	1.56646339026e-16	
5028.17631099	1.62575268694e-16	
5033.65312223	1.68667839002e-16	
5039.12993346	1.66952982152e-16	
5044.60674469	1.60069279525e-16	
5050.08355593	1.63703917946e-16	
5055.56036716	1.61403476756e-16	
5061.03717839	1.66270958717e-16	
5066.51398963	1.55790738911e-16	
5071.99080086	1.44220642522e-16	
5077.46761209	1.53236671881e-16	
5082.94442332	1.52507585687e-16	
5088.42123456	1.46315185876e-16	
5093.89804579	1.48225243188e-16	
5099.37485702	1.36325816435e-16	
5104.85166826	1.24479558361e-16	
5110.32847949	1.27095787762e-16	
5115.80529072	1.323514463e-16	
5121.28210196	1.28870374238e-16	
5126.75891319	1.32828838259e-16	
5132.23572442	1.20980947064e-16	
5137.71253566	1.18691688074e-16	
5143.18934689	1.26545941907e-16	
5148.66615812	1.3475068619e-16	
5154.14296935	1.36334743547e-16	
5159.61978059	1.29171714085e-16	
5165.09659182	1.41920321843e-16	
5170.57340305	1.55269350651e-16	
5176.05021429	1.66066390596e-16	
5181.52702552	1.89946191682e-16	
5187.00383675	1.89549039581e-16	
5192.48064799	1.94760318608e-16	
5197.95745922	2.08768220869e-16	
5203.43427045	2.21511247526e-16	
5208.91108169	2.20152538445e-16	
5214.38789292	2.17952183737e-16	
5219.86470415	2.21948494257e-16	
5225.34151539	1.97638905758e-16	
5230.81832662	2.04152755796e-16	
5236.29513785	2.00833211083e-16	
5241.77194908	1.99648556836e-16	
5247.24876032	1.9844383406e-16	
5252.72557155	1.9588317293e-16	
5258.20238278	1.88498494489e-16	
5263.67919402	1.81430780745e-16	
5269.15600525	1.98260457636e-16	
5274.63281648	1.93242325402e-16	
5280.10962772	2.03851671016e-16	
5285.58643895	2.00990080781e-16	
5291.06325018	2.19158658618e-16	
5296.54006142	1.9953022401e-16	
5302.01687265	2.10642023601e-16	
5307.49368388	2.08084228488e-16	
5312.97049512	2.12595757512e-16	
5318.44730635	2.12655310888e-16	
5323.92411758	2.19730792168e-16	
5329.40092881	2.20878018466e-16	
5334.87774005	2.10306106747e-16	
5340.35455128	2.1220462953e-16	
5345.83136251	2.18443407313e-16	
5351.30817375	2.19669301296e-16	
5356.78498498	2.0302591554e-16	
5362.26179621	2.00073269861e-16	
5367.73860745	2.05064560428e-16	
5373.21541868	2.15127673568e-16	
5378.69222991	2.16730615534e-16	
5384.16904115	2.18966976727e-16	
5389.64585238	1.99713770491e-16	
5395.12266361	2.1140483828e-16	
5400.59947484	1.99780765739e-16	
5406.07628608	1.94232202419e-16	
5411.55309731	2.10438719075e-16	
5417.02990854	2.02810023138e-16	
5422.50671978	2.10306700678e-16	
5427.98353101	1.98698236198e-16	
5433.46034224	1.89360176267e-16	
5438.93715348	1.83423711243e-16	
5444.41396471	1.81998735935e-16	
5449.89077594	1.83693720057e-16	
5455.36758718	1.96890612622e-16	
5460.84439841	1.91842103904e-16	
5466.32120964	1.843898316e-16	
5471.79802088	1.96751938238e-16	
5477.27483211	1.8958837487e-16	
5482.75164334	2.01012743265e-16	
5488.22845457	2.09198462076e-16	
5493.70526581	1.93022414512e-16	
5499.18207704	2.00349858339e-16	
5504.65888827	2.00408968597e-16	
5510.13569951	1.91365696995e-16	
5515.61251074	1.75318792409e-16	
5521.08932197	1.82757510994e-16	
5526.56613321	1.96983475518e-16	
5532.04294444	1.90463664561e-16	
5537.51975567	1.77324075931e-16	
5542.99656691	1.83864540327e-16	
5548.47337814	1.90033249005e-16	
5553.95018937	1.79062902961e-16	
5559.42700061	1.71928366068e-16	
5564.90381184	1.8176399761e-16	
5570.38062307	1.71937421583e-16	
5575.8574343	1.86150670772e-16	
5581.33424554	1.92371256629e-16	
5586.81105677	1.97754160534e-16	
5592.287868	1.89522042401e-16	
5597.76467924	1.84655351032e-16	
5603.24149047	1.82391087042e-16	
5608.7183017	1.87213442183e-16	
5614.19511294	1.77257397726e-16	
5619.67192417	1.65364171398e-16	
5625.1487354	1.63480287596e-16	
5630.62554664	1.48683049014e-16	
5636.10235787	1.55161300215e-16	
5641.5791691	1.544280563e-16	
5647.05598033	1.3440803875e-16	
5652.53279157	1.46807413493e-16	
5658.0096028	1.33752850333e-16	
5663.48641403	1.36372384883e-16	
5668.96322527	1.32986130721e-16	
5674.4400365	1.24956843286e-16	
5679.91684773	1.36505651079e-16	
5685.39365897	1.36081450352e-16	
5690.8704702	1.26757872889e-16	
5696.34728143	1.20746156873e-16	
5701.82409267	1.34504143755e-16	
5707.3009039	1.19970441265e-16	
5712.77771513	1.13896714616e-16	
5718.25452637	1.15155597228e-16	
5723.7313376	9.76623684105e-17	
5729.20814883	9.37024960436e-17	
5734.68496006	8.97169313492e-17	
5740.1617713	6.32105709294e-17	
5745.63858253	6.42032859618e-17	
5751.11539376	5.78963116434e-17	
5756.592205	5.41819432408e-17	
5762.06901623	3.66496399579e-17	
5767.54582746	4.20741733237e-17	
5773.0226387	4.16708540935e-17	
5778.49944993	3.54490033745e-17	
5783.97626116	4.40130178001e-17	
5789.4530724	4.26151265984e-17	
5794.92988363	4.08264345923e-17	
5800.40669486	3.0889665093e-17	
5805.8835061	4.14983556497e-17	
5811.36031733	3.95635584836e-17	
5816.83712856	4.23840023206e-17	
5822.31393979	4.60443252424e-17	
5827.79075103	4.37881349597e-17	
5833.26756226	4.29373728081e-17	
5838.74437349	6.11646577761e-17	
5844.22118473	6.67536539854e-17	
5849.69799596	5.73806036334e-17	
5855.17480719	6.75511705185e-17	
5860.65161843	5.66151515119e-17	
5866.12842966	6.52520768687e-17	
5871.60524089	7.69173304256e-17	
5877.08205213	9.23164216007e-17	
5882.55886336	9.50904893217e-17	
5888.03567459	1.05241399807e-16	
5893.51248583	1.26646425436e-16	
5898.98929706	1.29447121031e-16	
5904.46610829	1.51066919249e-16	
5909.94291952	1.59460316882e-16	
5915.41973076	1.67383670334e-16	
5920.89654199	1.65835017125e-16	
5926.37335322	1.61789680962e-16	
5931.85016446	1.5448307759e-16	
5937.32697569	1.59614206909e-16	
5942.80378692	1.57817319225e-16	
5948.28059816	1.48226224498e-16	
5953.75740939	1.41856058962e-16	
5959.23422062	1.44598414565e-16	
5964.71103186	1.38977541124e-16	
5970.18784309	1.42723061158e-16	
5975.66465432	1.40503259159e-16	
5981.14146555	1.33251850687e-16	
5986.61827679	1.40135776991e-16	
5992.09508802	1.4536510843e-16	
5997.57189925	1.369798461e-16	
6003.04871049	1.37012319552e-16	
6008.52552172	1.43989810821e-16	
6014.00233295	1.36735407804e-16	
6019.47914419	1.35768230099e-16	
6024.95595542	1.20755010915e-16	
6030.43276665	1.1337849381e-16	
6035.90957789	1.1683912493e-16	
6041.38638912	1.09821929861e-16	
6046.86320035	1.0095462302e-16	
6052.34001159	9.12343977202e-17	
6057.81682282	1.03381418923e-16	
6063.29363405	1.03420737209e-16	
6068.77044528	1.01789357942e-16	
6074.24725652	1.01086895839e-16	
6079.72406775	9.80558215348e-17	
6085.20087898	1.04930701764e-16	
6090.67769022	9.27272334711e-17	
6096.15450145	9.77154836483e-17	
6101.63131268	9.60042276978e-17	
6107.10812392	1.06493839275e-16	
6112.58493515	9.93051025455e-17	
6118.06174638	1.07995101411e-16	
6123.53855762	1.0595145235e-16	
6129.01536885	1.15746572582e-16	
6134.49218008	1.08190182687e-16	
6139.96899132	1.20243666373e-16	
6145.44580255	1.09749829673e-16	
6150.92261378	1.15098076353e-16	
6156.39942501	1.23212569374e-16	
6161.87623625	1.17500355615e-16	
6167.35304748	1.34184803383e-16	
6172.82985871	1.36202586758e-16	
6178.30666995	1.28848569614e-16	
6183.78348118	1.45859689856e-16	
6189.26029241	1.48230022167e-16	
6194.73710365	1.58396847176e-16	
6200.21391488	1.65776081947e-16	
6205.69072611	1.72879244564e-16	
6211.16753735	1.83795304749e-16	
6216.64434858	1.91778302034e-16	
6222.12115981	1.93167475472e-16	
6227.59797104	2.03299516879e-16	
6233.07478228	2.06385610746e-16	
6238.55159351	2.06737678105e-16	
6244.02840474	2.03149876157e-16	
6249.50521598	2.01889956402e-16	
6254.98202721	1.91455973885e-16	
6260.45883844	2.03422939112e-16	
6265.93564968	2.32374783145e-16	
6271.41246091	2.56801222798e-16	
6276.88927214	2.87962275576e-16	
6282.36608338	3.08609746141e-16	
6287.84289461	3.49976670416e-16	
6293.31970584	3.87162979317e-16	
6298.79651708	4.04082460076e-16	
6304.27332831	4.16811717145e-16	
6309.75013954	4.32154813923e-16	
6315.22695077	4.31213706651e-16	
6320.70376201	4.09552543727e-16	
6326.18057324	3.83993129759e-16	
6331.65738447	3.7641756104e-16	
6337.13419571	3.41018531553e-16	
6342.61100694	3.22673494189e-16	
6348.08781817	2.9632953393e-16	
6353.56462941	3.03914295894e-16	
6359.04144064	2.9249722234e-16	
6364.51825187	2.90494345527e-16	
6369.99506311	2.66071249685e-16	
6375.47187434	2.63319698496e-16	
6380.94868557	2.4738765234e-16	
6386.42549681	2.29455456285e-16	
6391.90230804	2.02104043955e-16	
6397.37911927	1.73973285774e-16	
6402.8559305	1.46923683954e-16	
6408.33274174	1.42249550864e-16	
6413.80955297	1.29972189692e-16	
6419.2863642	1.1696080196e-16	
6424.76317544	1.23333780125e-16	
6430.23998667	1.21773562966e-16	
6435.7167979	1.22166580358e-16	
6441.19360914	1.33469265443e-16	
6446.67042037	1.52709606528e-16	
6452.1472316	1.71964557037e-16	
6457.62404284	2.13018218432e-16	
6463.10085407	2.76176593012e-16	
6468.5776653	3.33966671894e-16	
6474.05447654	4.01526639773e-16	
6479.53128777	5.0019017102e-16	
6485.008099	6.01405800362e-16	
6490.48491023	6.90316812425e-16	
6495.96172147	7.95700261709e-16	
6501.4385327	8.82736174652e-16	
6506.91534393	9.69674318665e-16	
6512.39215517	1.02595836976e-15	
6517.8689664	1.04609944306e-15	
6523.34577763	1.08566808323e-15	
6528.82258887	1.08011533314e-15	
6534.2994001	1.11557958637e-15	
6539.77621133	1.13702911951e-15	
6545.25302257	1.23518948261e-15	
6550.7298338	1.34384821266e-15	
6556.20664503	1.47263452221e-15	
6561.68345626	1.67903787695e-15	
6567.1602675	1.86904711639e-15	
6572.63707873	2.03822797684e-15	
6578.11388996	2.18682758737e-15	
6583.5907012	2.29401243226e-15	
6589.06751243	2.34193777489e-15	
6594.54432366	2.35077356577e-15	
6600.0211349	2.30680588255e-15	
6605.49794613	2.20037196433e-15	
6610.97475736	2.07563822301e-15	
6616.4515686	1.91778567208e-15	
6621.92837983	1.73727429969e-15	
6627.40519106	1.59724667087e-15	
6632.8820023	1.42588127314e-15	
6638.35881353	1.26229405072e-15	
6643.83562476	1.12405065413e-15	
6649.31243599	1.00645676273e-15	
6654.78924723	9.02870182239e-16	
6660.26605846	8.08582849267e-16	
6665.74286969	7.26942742154e-16	
6671.21968093	6.55462249184e-16	
6676.69649216	6.02319243351e-16	
6682.17330339	5.48598815502e-16	
6687.65011463	5.0996023684e-16	
6693.12692586	4.71975355878e-16	
6698.60373709	4.28043191483e-16	
6704.08054833	4.11840567951e-16	
6709.55735956	3.76036724273e-16	
6715.03417079	3.48963116825e-16	
6720.51098203	3.21616632945e-16	
6725.98779326	2.95007457912e-16	
6731.46460449	2.7697129344e-16	
6736.94141572	2.65088343584e-16	
6742.41822696	2.49804210323e-16	
6747.89503819	2.43717344634e-16	
6753.37184942	2.20714353539e-16	
6758.84866066	2.0618675808e-16	
6764.32547189	2.05707796542e-16	
6769.80228312	1.87065802188e-16	
6775.27909436	1.8076578116e-16	
6780.75590559	1.76061423442e-16	
6786.23271682	1.71797108853e-16	
6791.70952806	1.6674718792e-16	
6797.18633929	1.56287224067e-16	
6802.66315052	1.46325908061e-16	
6808.13996175	1.40414631109e-16	
6813.61677299	1.36565308296e-16	
6819.09358422	1.32401520528e-16	
6824.57039545	1.32011671848e-16	
6830.04720669	1.26512289497e-16	
6835.52401792	1.11789054114e-16	
6841.00082915	1.11160340097e-16	
6846.47764039	1.20850471134e-16	
6851.95445162	1.16070729161e-16	
6857.43126285	1.19352972624e-16	
6862.90807409	1.07340040035e-16	
6868.38488532	9.71871555418e-17	
6873.86169655	1.02301626767e-16	
6879.33850779	1.05434039628e-16	
6884.81531902	1.07922707311e-16	
6890.29213025	9.78468017384e-17	
6895.76894148	9.62547957887e-17	
6901.24575272	1.1119707475e-16	
6906.72256395	8.68992571338e-17	
6912.19937518	9.33309575232e-17	
6917.67618642	9.80143400851e-17	
6923.15299765	9.77423219395e-17	
6928.62980888	1.0350146969e-16	
6934.10662012	9.32272919955e-17	
6939.58343135	1.00663245761e-16	
6945.06024258	9.81675489274e-17	
6950.53705382	1.01146028141e-16	
6956.01386505	9.96615685398e-17	
6961.49067628	1.01290149614e-16	
6966.96748752	1.10036519214e-16	
6972.44429875	1.06646633811e-16	
6977.92110998	9.48663608473e-17	
6983.39792121	9.36353336854e-17	
6988.87473245	1.02613079084e-16	
6994.35154368	1.04678195941e-16	
6999.82835491	1.04203681831e-16	
7005.30516615	1.13957277456e-16	
7010.78197738	1.02113534689e-16	
7016.25878861	9.29812056873e-17	
7021.73559985	1.08625955093e-16	
7027.21241108	1.13807918506e-16	
7032.68922231	1.15651666336e-16	
7038.16603355	1.05803737986e-16	
7043.64284478	1.16170784695e-16	
7049.11965601	1.24245475182e-16	
7054.59646724	1.269711885e-16	
7060.07327848	1.35127145669e-16	
7065.55008971	1.42067098794e-16	
7071.02690094	1.60463361664e-16	
7076.50371218	1.55398045437e-16	
7081.98052341	1.54567112158e-16	
7087.45733464	1.63795532872e-16	
7092.93414588	1.43241329059e-16	
7098.41095711	1.43176038701e-16	
7103.88776834	1.48464656305e-16	
7109.36457958	1.38443260943e-16	
7114.84139081	1.38155455354e-16	
7120.31820204	1.37802493645e-16	
7125.79501328	1.4026794135e-16	
7131.27182451	1.47573795362e-16	
7136.74863574	1.39993664117e-16	
7142.22544697	1.38277163961e-16	
7147.70225821	1.39972024945e-16	
7153.17906944	1.4541791871e-16	
7158.65588067	1.54117216241e-16	
7164.13269191	1.53295458076e-16	
7169.60950314	1.69575410087e-16	
7175.08631437	1.75910472409e-16	
7180.56312561	1.9139476928e-16	
7186.03993684	2.05887310905e-16	
7191.51674807	2.05443050358e-16	
7196.99355931	1.93863322615e-16	
7202.47037054	2.07404780196e-16	
7207.94718177	2.22681498752e-16	
7213.42399301	2.30865886472e-16	
7218.90080424	2.35808479866e-16	
7224.37761547	2.41863027426e-16	
7229.8544267	2.29812324773e-16	
7235.33123794	2.36652664442e-16	
7240.80804917	2.47802747514e-16	
7246.2848604	2.33865495591e-16	
7251.76167164	2.16419288967e-16	
7257.23848287	2.15792618873e-16	
7262.7152941	2.17540846825e-16	
7268.19210534	2.33065074251e-16	
7273.66891657	2.37332363253e-16	
7279.1457278	2.44214771726e-16	
7284.62253904	2.67527137646e-16	
7290.09935027	2.8694022401e-16	
7295.5761615	3.21275056977e-16	
7301.05297274	3.47980770366e-16	
7306.52978397	3.57181572146e-16	
7312.0065952	3.73312031029e-16	
7317.48340643	3.80925124481e-16	
7322.96021767	3.99027238736e-16	
7328.4370289	4.03302476277e-16	
7333.91384013	3.96923942969e-16	
7339.39065137	3.98037146453e-16	
7344.8674626	4.09204115981e-16	
7350.34427383	4.06721267413e-16	
7355.82108507	3.90096467082e-16	
7361.2978963	3.93003587763e-16	
7366.77470753	3.79335712394e-16	
7372.25151877	3.87765639544e-16	
7377.72833	3.95577082546e-16	
7383.20514123	3.75806539176e-16	
7388.68195246	3.91019325874e-16	
7394.1587637	3.80646770839e-16	
7399.63557493	3.50802523931e-16	
7405.11238616	3.48495010012e-16	
7410.5891974	3.35144989999e-16	
7416.06600863	3.13976585132e-16	
7421.54281986	2.90581913843e-16	
7427.0196311	2.57608688403e-16	
7432.49644233	2.56633088099e-16	
7437.97325356	2.45647971174e-16	
7443.4500648	2.21256158946e-16	
7448.92687603	2.10602261424e-16	
7454.40368726	1.78557213652e-16	
7459.8804985	1.679089514e-16	
7465.35730973	1.61033167684e-16	
7470.83412096	1.57393295336e-16	
7476.31093219	1.40638712035e-16	
7481.78774343	1.35318467683e-16	
7487.26455466	1.17960988028e-16	
7492.74136589	1.15646606852e-16	
7498.21817713	1.08276024519e-16	
7503.69498836	9.37306585237e-17	
7509.17179959	8.44805146435e-17	
7514.64861083	8.45813582504e-17	
7520.12542206	8.42797839343e-17	
7525.60223329	7.98133030036e-17	
7531.07904453	7.35769524339e-17	
7536.55585576	7.71875545416e-17	
7542.03266699	8.32013055701e-17	
7547.50947823	9.21849265341e-17	
7552.98628946	9.05308480095e-17	
7558.46310069	7.41103321115e-17	
7563.93991192	5.76343146101e-17	
7569.41672316	6.49725247909e-17	
7574.89353439	7.39186334183e-17	
7580.37034562	6.88211569758e-17	
7585.84715686	6.31604987922e-17	
7591.32396809	6.96436196765e-17	
7596.80077932	6.62418391921e-17	
7602.27759056	6.63186286141e-17	
7607.75440179	6.33235985638e-17	
7613.23121302	8.22109157873e-17	
7618.70802426	9.30988766747e-17	
7624.18483549	8.94080240549e-17	
7629.66164672	8.3111001473e-17	
7635.13845795	7.29173211335e-17	
7640.61526919	8.22240160786e-17	
7646.09208042	8.17986922218e-17	
7651.56889165	8.02973143738e-17	
7657.04570289	7.70973052903e-17	
7662.52251412	8.5937880322e-17	
7667.99932535	6.97187308972e-17	
7673.47613659	7.66972978903e-17	
7678.95294782	9.47934364489e-17	
7684.42975905	8.7274583571e-17	
7689.90657029	8.81119300837e-17	
7695.38338152	9.96607777604e-17	
7700.86019275	1.04965385343e-16	
7706.33700399	1.11183674504e-16	
7711.81381522	1.30843808699e-16	
7717.29062645	1.16794711945e-16	
7722.76743768	1.11966717971e-16	
7728.24424892	1.42537602379e-16	
7733.72106015	1.33536768649e-16	
7739.19787138	1.51533377603e-16	
7744.67468262	1.49721808821e-16	
7750.15149385	1.25705597561e-16	
7755.62830508	1.20222336386e-16	
7761.10511632	1.46197706374e-16	
7766.58192755	1.19978996765e-16	
7772.05873878	1.22197665706e-16	
7777.53555002	1.3809653954e-16	
7783.01236125	1.42963436743e-16	
7788.48917248	1.36573271335e-16	
7793.96598372	1.41069093172e-16	
7799.44279495	1.37875739382e-16	
7804.91960618	1.57417884068e-16	
7810.39641741	1.56349499089e-16	
7815.87322865	1.4856743468e-16	
7821.35003988	1.25846663176e-16	
7826.82685111	1.16661099376e-16	
7832.30366235	1.20522062517e-16	
7837.78047358	1.19581029456e-16	
7843.25728481	1.18373546962e-16	
7848.73409605	1.119186528e-16	
7854.21090728	8.97165512169e-17	
7859.68771851	7.03099423966e-17	
7865.16452975	7.74389589036e-17	
7870.64134098	8.8034878458e-17	
7876.11815221	9.30027447286e-17	
7881.59496345	1.06927944014e-16	
7887.07177468	9.37709526035e-17	
7892.54858591	9.4808126944e-17	
7898.02539714	9.81428029859e-17	
7903.50220838	9.59960624404e-17	
7908.97901961	9.86560249426e-17	
7914.45583084	1.07695473569e-16	
7919.93264208	8.66384513822e-17	
7925.40945331	9.94704874651e-17	
7930.88626454	8.5436109327e-17	
7936.36307578	8.67049383129e-17	
7941.83988701	9.10368710564e-17	
7947.31669824	8.06085295564e-17	
7952.79350948	8.76006563972e-17	
7958.27032071	9.17486048286e-17	
7963.74713194	7.69257498574e-17	
7969.22394317	7.76640180159e-17	
7974.70075441	9.29589324844e-17	
7980.17756564	7.82563137713e-17	
7985.65437687	6.66593516992e-17	
7991.13118811	7.9836711751e-17	
7996.60799934	8.60673831156e-17	
8002.08481057	8.14870651139e-17	
8007.56162181	8.60853702029e-17	
8013.03843304	9.37301354817e-17	
8018.51524427	9.57563063136e-17	
8023.99205551	1.15210227016e-16	
8029.46886674	9.16332986242e-17	
8034.94567797	9.66857171136e-17	
8040.42248921	1.01610483319e-16	
8045.89930044	1.05403393884e-16	
8051.37611167	1.01204315134e-16	
8056.8529229	9.52667733226e-17	
8062.32973414	9.90575115116e-17	
8067.80654537	1.0760697391e-16	
8073.2833566	1.06753239628e-16	
8078.76016784	1.05782706143e-16	
8084.23697907	1.07937738849e-16	
8089.7137903	1.18545162518e-16	
8095.19060154	1.09341153288e-16	
8100.66741277	9.13557718513e-17	
8106.144224	1.05584895687e-16	
8111.62103524	1.09878638654e-16	
8117.09784647	1.1041623162e-16	
8122.5746577	1.10039300924e-16	
8128.05146894	1.00669757935e-16	
8133.52828017	1.05933867532e-16	
8139.0050914	9.88010511056e-17	
8144.48190263	1.0482388442e-16	
8149.95871387	9.52725469076e-17	
8155.4355251	8.71095973226e-17	
8160.91233633	9.14745459841e-17	
8166.38914757	1.05107286176e-16	
8171.8659588	9.98874234495e-17	
8177.34277003	7.84600900265e-17	
8182.81958127	8.54779087305e-17	
8188.2963925	7.59290618095e-17	
8193.77320373	9.28773150695e-17	
8199.25001497	8.6976783551e-17	
8204.7268262	9.64378568121e-17	
8210.20363743	9.86475631265e-17	
8215.68044866	9.60147490495e-17	
8221.1572599	7.43968583591e-17	
8226.63407113	9.53634190743e-17	
8232.11088236	9.88379688334e-17	
8237.5876936	1.03457326047e-16	
8243.06450483	1.03617320333e-16	
8248.54131606	9.14108765617e-17	
8254.0181273	8.78357443864e-17	
8259.49493853	7.34465600396e-17	
8264.97174976	7.13184016491e-17	
8270.448561	8.01395852788e-17	
8275.92537223	7.38576507839e-17	
8281.40218346	5.48732007884e-17	
8286.8789947	4.13415465599e-17	
8292.35580593	4.45443831461e-17	
8297.83261716	3.90136436055e-17	
8303.30942839	3.92242840483e-17	
8308.78623963	3.90235210538e-17	
8314.26305086	5.24029271577e-17	
8319.73986209	4.77007925787e-17	
8325.21667333	3.95021855721e-17	
8330.69348456	3.18128719924e-17	
8336.17029579	3.41762688875e-17	
8341.64710703	5.99802949539e-17	
8347.12391826	5.49882785165e-17	
8352.60072949	5.04008892362e-17	
8358.07754073	3.01531542188e-17	
8363.55435196	2.07975897053e-17	
8369.03116319	3.09995950843e-17	
8374.50797443	3.64202974213e-17	
8379.98478566	4.81003257173e-17	
8385.46159689	5.29769694777e-17	
8390.93840812	4.63748048432e-17	
8396.41521936	4.38260698362e-17	
8401.89203059	4.90988894151e-17	
8407.36884182	4.51278609543e-17	
8412.84565306	5.44305619845e-17	
8418.32246429	7.94547825014e-17	
8423.79927552	8.49778884338e-17	
8429.27608676	9.12827222998e-17	
8434.75289799	9.55467562313e-17	
8440.22970922	9.36661308268e-17	
8445.70652046	9.39262011039e-17	
8451.18333169	1.03470349619e-16	
8456.66014292	1.23756846607e-16	
8462.13695415	1.23535067552e-16	
8467.61376539	1.26541760548e-16	
8473.09057662	1.25478055327e-16	
8478.56738785	1.09276351229e-16	
8484.04419909	1.21455633979e-16	
8489.52101032	1.3303983873e-16	
8494.99782155	1.49134083217e-16	
8500.47463279	1.50840901865e-16	
8505.95144402	1.39971052089e-16	
8511.42825525	1.50276585386e-16	
8516.90506649	1.35247605169e-16	
8522.38187772	1.59138395591e-16	
8527.85868895	1.89954298202e-16	
8533.33550019	2.02836819525e-16	
8538.81231142	2.08919386364e-16	
8544.28912265	2.39450585495e-16	
8549.76593388	2.55735291725e-16	
8555.24274512	2.44144685597e-16	
8560.71955635	2.56658809678e-16	
8566.19636758	2.98970654476e-16	
8571.67317882	3.53979689574e-16	
8577.14999005	3.90870476266e-16	
8582.62680128	3.78943772127e-16	
8588.10361252	3.46320364473e-16	
8593.58042375	3.37699139531e-16	
8599.05723498	3.4134912318e-16	
8604.53404622	3.41945971091e-16	
8610.01085745	3.64624511636e-16	
8615.48766868	3.7079493072e-16	
8620.96447992	3.120141787e-16	
8626.44129115	3.14995882432e-16	
8631.91810238	3.07884857068e-16	
8637.39491361	3.03293454056e-16	
8642.87172485	3.48184460033e-16	
8648.34853608	3.82704149685e-16	
8653.82534731	3.87955986812e-16	
8659.30215855	3.84937625282e-16	
8664.77896978	3.93345063087e-16	
8670.25578101	4.04024143949e-16	
8675.73259225	3.76872975617e-16	
8681.20940348	4.32276456019e-16	
8686.68621471	4.49237657177e-16	
8692.16302595	4.53257645575e-16	
8697.63983718	4.28587671863e-16	
8703.11664841	3.94050505229e-16	
8708.59345965	3.61814592045e-16	
8714.07027088	3.64228524207e-16	
8719.54708211	3.81998916012e-16	
8725.02389334	4.16338258676e-16	
8730.50070458	4.41057633008e-16	
8735.97751581	4.10209089454e-16	
8741.45432704	3.86768487946e-16	
8746.93113828	3.57899211335e-16	
8752.40794951	3.88963558022e-16	
8757.88476074	4.19935111035e-16	
8763.36157198	4.22507973322e-16	
8768.83838321	3.74192158527e-16	
8774.31519444	3.38966636659e-16	
8779.79200568	2.9627602304e-16	
8785.26881691	3.05689869514e-16	
8790.74562814	3.35609918226e-16	
8796.22243937	3.44817554541e-16	
8801.69925061	2.84071053203e-16	
8807.17606184	2.71745882138e-16	
8812.65287307	2.47887671424e-16	
8818.12968431	2.13997301808e-16	
8823.60649554	2.1184950727e-16	
8829.08330677	2.15825011577e-16	
8834.56011801	2.19979998331e-16	
8840.03692924	2.27120969089e-16	
8845.51374047	1.90927481526e-16	
8850.99055171	1.74038809518e-16	
8856.46736294	1.52688715847e-16	
8861.94417417	1.67994866872e-16	
8867.42098541	1.96969892396e-16	
8872.89779664	1.55504347636e-16	
8878.37460787	1.50831923837e-16	
8883.8514191	1.23178086681e-16	
8889.32823034	1.28178691927e-16	
8894.80504157	1.55165182258e-16	
8900.2818528	1.34765866004e-16	
8905.75866404	1.32808233092e-16	
8911.23547527	1.39184067542e-16	
8916.7122865	1.09426760228e-16	
8922.18909774	1.14530130254e-16	
8927.66590897	1.41390037445e-16	
8933.1427202	1.46789331419e-16	
8938.61953144	1.39094296588e-16	
8944.09634267	8.88203221359e-17	
8949.5731539	1.06778647749e-16	
8955.04996514	9.9996314539e-17	
8960.52677637	1.0140570683e-16	
8966.0035876	1.04417246107e-16	
8971.48039883	1.21398823335e-16	
8976.95721007	1.06167420535e-16	
8982.4340213	8.9221524938e-17	
8987.91083253	8.04477890831e-17	
8993.38764377	9.82044610376e-17	
8998.864455	1.00290573102e-16	
9004.34126623	1.06206130026e-16	
9009.81807747	1.05408024427e-16	
9015.2948887	9.44175379344e-17	
9020.77169993	1.09978360524e-16	
9026.24851117	1.10329377327e-16	
9031.7253224	1.32822811201e-16	
9037.20213363	1.25691674308e-16	
9042.67894486	1.08816881739e-16	
9048.1557561	9.75370121221e-17	
9053.63256733	9.34533760177e-17	
9059.10937856	9.86208913399e-17	
9064.5861898	1.24153273376e-16	
9070.06300103	1.25604524772e-16	
9075.53981226	9.70784193842e-17	
9081.0166235	9.81709914557e-17	
9086.49343473	1.01969623643e-16	
9091.97024596	1.1116558903e-16	
9097.4470572	1.10661104327e-16	
9102.92386843	1.00183952689e-16	
9108.40067966	1.14669273261e-16	
9113.8774909	1.15010178816e-16	
9119.35430213	1.1262041961e-16	
9124.83111336	1.47171468204e-16	
9130.30792459	1.28892648288e-16	
9135.78473583	1.22100605677e-16	
9141.26154706	1.19556452457e-16	
9146.73835829	8.62917729914e-17	
9152.21516953	9.74523551669e-17	
9157.69198076	1.07603524928e-16	
9163.16879199	1.30587712793e-16	
9168.64560323	1.20592892448e-16	
9174.12241446	0.0	
9179.59922569	0.0	
